american,3 1.43,4 1.43,5 1.43,13 1.43,25 1.43,100 1.43,102 1.43,153 1.43,154 1.43,187 1.43,196 1.43,228 1.43,340 1.43,356 1.43,357 1.43,359 1.43,360 1.43,418 1.43,509 1.43,573 1.43,574 1.86,575 1.43,606 1.43,609 1.43,638 1.43,659 1.43,683 1.43,686 1.43,722 1.43,759 1.43,786 1.43,787 1.43,807 1.86,817 1.43,845 1.43,846 1.43,953 1.43,962 1.43,1084 1.43,1113 1.43,1114 1.43,1120 1.43,1127 1.43,1129 1.43,1196 1.43,1235 1.43,1253 1.43,1299 1.43,1303 1.43,1317 1.43,1347 1.43,1417 1.43,1424 1.43,1425 1.43,1435 1.43,1454 1.43,1598 1.43,
and,5 1.45,137 1.45,139 1.45,157 1.45,214 1.45,230 1.45,467 1.45,504 1.45,510 1.45,559 1.88,580 1.45,599 1.45,607 1.45,618 1.45,619 1.45,646 1.45,670 1.45,671 1.45,689 1.45,690 1.45,729 1.45,747 1.45,762 1.45,798 1.45,799 1.45,808 1.45,847 1.45,861 1.45,889 1.45,907 1.45,941 1.45,943 1.45,1075 1.45,1080 1.45,1089 1.45,1129 1.45,1142 1.45,1160 1.45,1167 1.45,1234 1.45,1235 1.45,1263 1.45,1265 1.45,1286 1.45,1320 1.45,1332 1.45,1397 1.45,1484 1.45,1529 1.45,1532 1.45,1538 1.45,1559 1.45,1563 1.45,1564 1.45,1567 1.45,1569 1.45,1583 1.45,
axa,11 3.21,
asian,14 1.48,69 1.48,103 1.48,109 1.48,164 1.48,186 1.48,232 1.92,252 1.48,328 1.48,338 1.48,391 1.48,392 1.48,394 1.48,423 1.48,438 1.48,462 1.48,499 1.48,507 1.48,561 1.48,586 1.48,607 1.48,610 1.48,629 1.48,687 1.48,691 1.48,760 1.48,766 1.48,784 1.48,785 1.48,922 1.48,978 1.48,1038 1.48,1070 1.48,1077 1.48,1080 1.92,1081 1.48,1160 1.48,1189 1.48,1193 1.48,1216 1.48,1301 1.48,1351 1.48,1377 1.48,1379 1.48,1385 1.48,1399 1.48,1414 1.92,1428 1.48,1495 1.48,1516 1.48,1518 1.48,1532 1.48,1568 1.48,
avevancouver,17 1.04,18 1.04,37 1.04,51 1.04,53 1.04,127 1.04,131 1.04,132 1.04,138 1.04,142 1.04,166 1.04,167 1.04,194 1.04,275 1.04,297 1.04,313 1.04,315 1.04,318 1.04,322 1.04,324 1.04,325 1.04,333 1.04,424 1.04,454 1.04,455 1.04,456 1.04,457 1.04,458 1.04,459 1.04,460 1.04,469 1.04,471 1.04,472 1.04,496 1.04,499 1.04,518 1.04,519 1.04,520 1.04,531 1.04,532 1.04,535 1.04,541 1.04,542 1.04,543 1.04,577 1.04,611 1.04,612 1.04,614 1.04,621 1.04,622 1.04,637 1.04,638 1.04,640 1.04,641 1.04,652 1.04,658 1.04,665 1.04,672 1.04,680 1.04,683 1.04,711 1.04,766 1.04,770 1.04,787 1.04,789 1.04,790 1.04,802 1.04,853 1.04,854 1.04,855 1.04,857 1.04,861 1.04,862 1.04,910 1.04,914 1.04,916 1.04,958 1.04,966 1.04,967 1.04,969 1.04,970 1.04,971 1.04,973 1.04,974 1.04,1033 1.04,1063 1.04,1066 1.04,1133 1.04,1134 1.04,1232 1.04,1234 1.04,1235 1.04,1243 1.04,1244 1.04,1245 1.04,1247 1.04,1248 1.04,1249 1.04,1251 1.04,1252 1.04,1256 1.04,1257 1.04,1258 1.04,1260 1.04,1261 1.04,1264 1.04,1265 1.04,1266 1.04,1267 1.04,1268 1.04,1269 1.04,1472 1.04,1474 1.04,1475 1.04,1476 1.04,1480 1.04,1482 1.04,1483 1.04,1485 1.04,1486 1.04,1487 1.04,1488 1.04,1489 1.04,1490 1.04,1491 1.04,1494 1.04,1495 1.04,1496 1.04,1498 1.04,1499 1.04,1500 1.04,1501 1.04,1502 1.04,1505 1.04,1533 1.04,1535 1.04,1538 1.04,1542 1.04,1550 1.04,
acme,19 3.21,
aristocrat,35 3.21,
afro,45 3.21,
african,45 2.43,302 2.43,425 3.16,695 2.43,892 2.43,1224 2.43,
avenuevancouver,50 1.51,314 1.51,317 1.51,326 1.51,453 1.51,470 1.51,497 1.51,498 1.51,540 1.51,544 1.51,575 1.51,576 1.51,578 1.51,579 1.51,619 1.51,623 1.51,639 1.51,650 1.51,651 1.51,661 1.51,682 1.51,788 1.51,801 1.51,856 1.51,858 1.51,915 1.51,972 1.51,1067 1.51,1068 1.51,1107 1.51,1242 1.51,1246 1.51,1262 1.51,1473 1.51,1477 1.51,1479 1.51,1481 1.51,1484 1.51,1497 1.51,1503 1.51,1504 1.51,1534 1.51,1539 1.51,1540 1.51,1541 1.51,1543 1.51,1549 1.51,1551 1.51,1556 1.51,
at,71 2.09,185 2.09,205 2.09,473 2.09,474 2.09,486 2.09,673 2.09,851 2.09,1169 2.09,1443 2.09,1549 2.09,1566 2.09,1574 2.09,
alberni,72 2.16,73 2.16,179 2.16,180 2.16,181 2.16,362 2.16,363 2.16,1374 2.16,1375 2.16,1376 2.16,1466 2.16,
asahi-ya,74 3.21,
alley,78 2.9,275 2.9,
ap,88 3.21,
apple,91 3.21,
aqua,98 3.21,
agave,112 3.21,
abbott,115 2.36,258 2.36,259 2.36,260 2.36,852 2.36,932 2.36,933 2.36,
ami,151 3.21,
acorn,161 3.21,
amis,167 3.21,
adanac,174 3.21,
admiral,183 3.21,
al,197 2.73,549 2.73,839 2.73,
ave,203 2.51,620 2.51,724 2.51,1259 2.51,1554 2.51,
a&w,213 2.6,751 2.6,829 2.6,1594 2.6,
ascot,239 3.21,
amante,252 3.21,
apron,255 3.21,
alexander,261 2.6,262 2.6,1167 2.6,1427 2.6,
al's,265 3.21,
alleyvancouver,267 2.9,1165 2.9,
arts,297 3.21,
apollonia,298 3.21,
amore,307 2.9,1338 2.9,
ave.vancouver,316 2.25,613 2.25,710 2.25,911 2.25,968 2.25,1255 2.25,1290 2.25,1406 2.25,1492 2.25,
arbutus,334 2.03,335 2.03,336 2.03,680 2.03,1144 2.03,1486 2.03,1502 2.03,1503 2.03,1524 2.03,1526 2.03,1527 2.03,1528 2.03,1529 2.03,1530 2.03,1536 2.03,
agro,370 3.21,
an,438 2.9,1404 2.9,
arturo's,447 3.21,
adonia,458 3.21,
artigiano,469 3.21,
avenue,471 2.9,1263 2.9,
aprs-midi,490 3.21,
around,498 3.21,
attack,502 3.21,
alpha,512 3.21,
afterglow,515 3.21,
apprentice,614 3.21,
artisan,639 2.9,916 2.9,
archer,661 3.21,
afghan,661 2.6,925 3.39,1069 3.39,1519 2.6,
athens,669 3.21,
auto,700 3.21,
argue,774 3.21,
a-1,775 3.21,
aree,781 3.21,
angus,794 3.21,
athene's,797 3.21,
august,856 3.21,
aphrodite's,861 3.21,
ash,907 3.21,
art,911 2.9,1542 2.9,
argo,913 3.21,
aladdins,949 3.21,
athletes,957 3.21,
amato,958 3.21,
avocado,969 3.21,
away,1011 3.21,
au,1017 3.21,
amazing,1047 3.21,
anderson,1062 2.73,1069 2.73,1104 2.73,
adelitas,1074 3.21,
amay's,1080 3.21,
aperture,1097 3.21,
alberta,1098 3.21,
absinthe,1119 3.21,
afson,1151 3.21,
all,1160 2.9,1317 2.9,
about,1160 3.21,
aling,1174 3.21,
artist,1175 3.21,
acres,1176 3.21,
abigail's,1250 3.21,
adesso,1252 3.21,
alma,1253 2.36,1254 2.36,1449 2.36,1450 2.36,1451 2.36,1452 2.36,1453 2.36,
antica,1275 3.21,
a-20,1297 3.21,
abode,1349 3.21,
acacia,1396 3.21,
azteca,1418 3.21,
aki,1459 3.21,
asa,1499 3.21,
akira,1514 3.21,
arrangements,1525 3.21,
arbutusvancouver,1525 3.21,
ajisai,1550 3.21,
anna's,1555 3.21,
amigos,1600 3.21,
abroad,1604 3.21,
bcv6e1w2,1 2.73,2 2.73,3 2.73,
bar,2 0.95,4 1.24,5 0.95,15 0.95,22 1.24,28 1.24,31 1.24,37 0.95,39 0.95,48 0.95,78 0.95,79 0.95,98 0.95,108 0.95,134 0.95,136 1.24,141 0.95,144 0.95,154 0.95,157 0.95,158 0.95,184 0.95,188 0.95,191 0.95,203 0.95,206 0.95,207 0.95,208 0.95,212 1.24,214 1.24,216 0.95,228 1.24,229 0.95,234 0.95,236 0.95,238 0.95,239 0.95,241 0.95,248 0.95,257 0.95,262 0.95,264 0.95,266 0.95,267 0.95,269 0.95,270 0.95,271 0.95,288 0.95,299 0.95,303 1.24,308 1.24,328 0.95,331 0.95,338 0.95,362 0.95,363 0.95,369 0.95,371 1.24,433 0.95,436 0.95,449 0.95,450 0.95,467 0.95,476 0.95,488 0.95,493 0.95,501 0.95,510 0.95,511 0.95,512 0.95,514 0.95,516 0.95,527 0.95,529 1.24,530 0.95,534 0.95,537 1.24,546 1.24,547 0.95,550 0.95,574 0.95,577 0.95,599 0.95,602 0.95,604 0.95,606 0.95,633 0.95,638 0.95,641 0.95,671 1.24,672 0.95,676 0.95,683 0.95,800 0.95,807 0.95,810 0.95,812 0.95,819 1.24,821 0.95,823 0.95,824 0.95,826 0.95,842 0.95,847 1.24,850 0.95,854 0.95,860 0.95,890 1.24,907 0.95,924 1.24,931 0.95,932 0.95,933 0.95,941 0.95,944 0.95,957 1.24,963 0.95,968 0.95,977 0.95,1018 0.95,1045 0.95,1097 0.95,1102 0.95,1104 0.95,1110 0.95,1120 0.95,1133 0.95,1142 0.95,1146 1.24,1166 0.95,1167 0.95,1175 0.95,1181 0.95,1190 0.95,1194 0.95,1196 1.24,1197 0.95,1199 1.24,1202 0.95,1204 1.24,1218 0.95,1233 0.95,1246 0.95,1249 0.95,1250 0.95,1261 0.95,1267 0.95,1271 0.95,1272 0.95,1274 0.95,1275 0.95,1308 0.95,1321 0.95,1322 0.95,1329 0.95,1340 0.95,1354 0.95,1358 0.95,1373 1.24,1388 0.95,1396 0.95,1419 0.95,1425 0.95,1426 0.95,1437 0.95,1454 0.95,1474 0.95,1520 0.95,1523 0.95,1524 0.95,1550 0.95,1561 0.95,1599 0.95,
burgers,2 1.32,3 1.32,31 1.32,32 1.32,34 1.32,39 1.32,48 1.32,65 1.32,108 1.32,173 1.32,187 1.32,189 1.32,213 1.32,229 1.32,234 1.32,235 1.32,238 1.32,268 1.32,286 1.32,301 1.32,421 1.32,439 1.32,443 1.32,449 1.32,455 1.32,485 1.32,488 1.32,535 1.32,546 1.32,547 1.32,556 1.32,557 1.32,604 1.32,622 1.32,629 1.32,632 1.32,633 1.32,634 1.32,683 1.72,704 1.32,715 1.32,751 1.32,803 1.32,809 1.32,826 1.32,829 1.32,836 1.32,860 1.32,864 1.32,943 1.32,945 1.32,953 1.72,959 1.32,969 1.32,997 1.32,999 1.32,1093 1.32,1102 1.32,1120 1.32,1122 1.32,1129 1.32,1169 1.32,1172 1.32,1179 1.32,1218 1.32,1249 1.32,1308 1.32,1367 1.32,1433 1.32,1443 1.32,1446 1.32,1522 1.32,1567 1.32,1577 1.32,1594 1.32,
bcv6e1b5,4 2.73,474 2.73,475 2.73,
bcv6b,5 1.7,235 1.7,236 1.7,237 1.7,238 1.7,241 1.7,249 1.7,252 1.7,267 1.7,272 1.7,330 1.7,476 1.7,507 1.7,508 1.7,512 1.7,514 1.7,515 1.7,606 1.7,609 1.7,819 1.7,851 1.7,1039 1.7,1043 1.7,1045 1.7,1165 1.7,1166 1.7,1315 1.7,1333 1.7,1341 1.7,1415 1.7,1559 1.7,1577 1.7,
bcv6b5p6,6 2.73,530 2.73,607 2.73,
bella,7 2.36,98 2.36,190 2.36,858 2.36,1361 2.36,1388 2.36,1501 2.36,
bcv6c3l5,7 2.25,447 2.25,450 2.25,451 2.25,522 2.25,523 2.25,524 2.25,526 2.25,527 2.25,
bite,8 3.21,
bcv6c,8 2.6,12 2.6,485 2.6,1576 2.6,
burrard,9 1.68,10 1.68,52 1.68,375 1.68,376 1.68,522 1.68,523 1.68,524 1.68,626 1.68,627 1.68,630 1.68,631 1.68,632 1.68,633 2.19,1150 1.68,1151 1.68,1152 1.68,1153 1.68,1154 1.68,1155 1.68,1156 1.68,1157 1.68,1158 1.68,1159 1.68,1523 1.68,1561 1.68,1582 1.68,1584 1.68,1585 1.68,1586 1.68,1587 1.68,1588 1.68,1589 1.68,
bcv6c3s4,9 3.21,
blenz,10 3.21,
bcv7x1m5,10 3.21,
bcv6c2y2,11 3.21,
bcv6c3g1,13 2.25,143 2.25,146 2.25,1200 2.25,1201 2.25,1202 2.25,1568 2.25,1570 2.25,1572 2.25,
bcv6k1e9,14 2.51,15 2.51,672 2.51,1251 2.51,1252 2.51,
breakfast/brunch,
bcv6k3e6,16 2.73,1241 2.73,1250 2.73,
bcv6j1m7,17 2.12,18 2.12,787 2.12,788 2.12,789 2.12,790 2.12,853 2.12,854 2.12,855 2.12,857 2.12,858 2.12,966 2.12,
bcv6b1g4,19 3.21,
bistro,20 1.67,115 1.67,196 1.67,412 1.67,513 1.67,541 1.67,544 1.67,548 1.67,610 1.67,747 1.67,769 1.67,789 1.67,793 1.67,907 1.67,929 1.67,941 1.67,963 1.67,1010 1.67,1066 1.67,1103 1.67,1119 1.67,1130 1.67,1181 1.67,1196 1.67,1197 1.67,1252 1.67,1342 1.67,1365 1.67,1472 1.67,1481 1.67,1482 1.67,1485 1.67,1513 1.67,1517 1.67,
bcv6b2g6,20 2.09,21 2.09,22 2.09,24 2.09,25 2.09,26 2.09,28 2.09,30 2.09,31 2.09,477 2.09,804 2.09,817 2.09,818 2.09,
bcv6z1m1,23 3.21,
bcv6z,27 1.92,112 1.92,629 1.92,630 1.92,813 1.92,822 1.92,1149 1.92,1158 1.92,1160 1.92,1161 1.92,1163 1.92,1205 1.92,1425 1.92,1566 1.92,1567 1.92,1569 1.92,1590 1.92,1592 1.92,1593 1.92,
bcv6z1m4,29 3.21,
burger,31 2.3,234 2.3,268 2.3,421 2.3,634 2.3,826 2.3,945 2.3,1567 2.3,
bcv6a1b5,32 3.21,
big,33 2.51,567 2.51,801 2.51,1205 2.51,1587 2.51,
butcher,33 2.9,1526 2.9,
bcv6a0b6,33 3.21,
bcv6a2z1,34 3.21,
bcv6a,35 2.03,36 2.03,39 2.03,40 2.03,170 2.03,275 2.03,1143 2.03,1283 2.03,1290 2.03,1292 2.03,1293 2.03,1300 2.03,1325 2.03,1410 2.03,1411 2.03,
bcv6a1g7,37 3.21,
bites,38 3.21,
bcv6a1c4,38 2.9,43 2.9,
bcv6a1a4,41 3.21,
bakery,41 1.04,42 1.04,46 1.04,53 1.04,116 1.04,117 1.35,137 1.35,142 1.04,143 1.04,155 1.04,164 1.35,166 1.04,174 1.04,179 1.04,206 1.04,215 1.04,243 1.35,252 1.35,255 1.04,256 1.35,273 1.04,274 1.04,278 1.04,279 1.35,289 1.04,296 1.04,315 1.04,332 1.04,333 1.35,334 1.35,335 1.04,350 1.04,352 1.04,367 1.04,368 1.04,370 1.04,378 1.35,383 1.35,387 1.35,390 1.35,393 1.35,394 1.04,399 1.04,463 1.04,470 1.35,500 1.04,548 1.04,560 1.35,573 1.04,628 1.04,639 1.35,642 1.04,648 1.35,649 1.04,650 1.04,680 1.04,690 1.04,726 1.04,742 1.35,753 1.04,755 1.04,763 1.35,771 1.35,777 1.35,794 1.35,813 1.04,840 1.35,871 1.35,898 1.35,914 1.35,915 1.04,916 1.04,954 1.35,955 1.04,965 1.04,980 1.04,981 1.35,1002 1.04,1003 1.04,1013 1.35,1026 1.35,1032 1.04,1034 1.35,1068 1.35,1075 1.35,1081 1.35,1090 1.35,1116 1.35,1126 1.04,1128 1.35,1140 1.04,1141 1.04,1158 1.35,1174 1.04,1182 1.35,1186 1.04,1230 1.04,1242 1.04,1247 1.35,1254 1.04,1260 1.35,1263 1.35,1290 1.35,1298 1.35,1300 1.35,1301 1.35,1307 1.04,1323 1.04,1327 1.04,1341 1.04,1349 1.04,1355 1.35,1396 1.04,1398 1.35,1402 1.04,1422 1.04,1438 1.35,1441 1.04,1455 1.04,1457 1.04,1463 1.04,1470 1.04,1478 1.04,1503 1.35,1512 1.35,1528 1.04,1536 1.04,1537 1.04,1538 1.04,1539 1.04,1541 1.04,1544 1.04,1551 1.35,1554 1.35,1555 1.04,
bean,42 2.43,498 2.43,652 2.43,755 2.43,830 2.43,992 2.43,
bcv6a1b1,42 3.21,
bread,44 2.73,639 2.73,650 2.73,
bcv6b1h7,44 2.6,48 2.6,49 2.6,109 2.6,
bcv6b1j5,45 3.21,
baker,46 3.21,
bcv6b2n3,46 2.9,108 2.9,
bambo,47 3.21,
bcv6b5a4,47 3.21,
broadway,50 2.25,155 2.25,189 2.25,341 2.25,537 2.25,749 2.25,750 2.25,792 2.25,1132 2.25,
bcv5z1e9,50 2.73,1020 2.73,1021 2.73,
bourgeois,51 3.21,
bcv5t2r6,51 2.9,770 2.9,
bcv6e4t4,52 3.21,
bcv6m1z5,53 3.21,
bcv6c2l1,54 2.73,1580 2.73,1581 2.73,
bcv6e3n9,55 3.21,
bcv6e4m7,56 2.06,57 2.06,58 2.06,59 2.06,60 2.06,61 2.06,62 2.06,63 2.06,64 2.06,65 2.06,66 2.06,67 2.06,68 2.06,1579 2.06,
by,57 2.73,204 2.73,535 2.73,
bc,69 1.76,129 1.76,299 1.76,303 1.76,443 1.76,601 1.76,653 1.76,700 1.76,701 1.76,702 1.76,703 1.76,704 1.76,948 1.76,1019 1.76,1072 1.76,1086 1.76,1235 1.76,1343 1.76,1418 1.76,1426 1.76,1506 1.76,1507 1.76,1508 1.76,1510 1.76,1511 1.76,1512 1.76,1583 1.76,1598 1.76,
bcv6e4m3,70 3.21,
bcv6e,71 1.86,75 1.86,204 1.86,247 1.86,348 1.86,355 1.86,546 1.86,551 1.86,923 1.86,927 1.86,1185 1.86,1351 1.86,1356 1.86,1430 1.86,1431 1.86,1432 1.86,1433 1.86,1436 1.86,1438 1.86,1439 1.86,1441 1.86,1517 1.86,
bcv6e1a6,72 2.73,73 2.73,552 2.73,
bcv6e1c2,74 2.6,1349 2.6,1353 2.6,1354 2.6,
bcv6g2n1,76 2.16,77 2.16,81 2.16,534 2.16,1108 2.16,1109 2.16,1110 2.16,1362 2.16,1391 2.16,1393 2.16,1396 2.16,
bcv6g1t2,78 2.9,1397 2.9,
bcv6g2m9,79 3.21,
bcv6g,80 1.84,86 1.84,87 1.84,96 1.84,177 1.84,182 1.84,410 1.84,411 1.84,414 1.84,562 1.84,1220 1.84,1225 1.84,1226 1.84,1228 1.84,1363 1.84,1364 1.84,1369 1.84,1378 1.84,1392 1.84,1394 1.84,1395 1.84,1471 1.84,1515 1.84,
bcv6g2l6,82 2.25,412 2.25,1370 2.25,1377 2.25,1379 2.25,1386 2.25,1387 2.25,1388 2.25,1390 2.25,
barbecue,
bcv6g1c7,83 2.03,84 2.03,85 2.03,88 2.03,90 2.03,91 2.03,92 2.03,93 2.03,94 2.03,95 2.03,99 2.03,176 2.03,917 2.03,1467 2.03,1468 2.03,
bcv6g1c3,89 2.36,97 2.36,98 2.36,178 2.36,918 2.36,919 2.36,1469 2.36,
bento,90 2.9,1586 2.9,
bowl,90 2.6,109 2.6,567 2.6,1414 2.6,
bubble,94 1.77,178 1.77,225 1.77,251 1.77,408 2.3,431 1.77,437 1.77,461 1.77,572 1.77,591 2.3,710 1.77,741 2.3,773 1.77,866 1.77,876 2.3,879 1.77,982 1.77,1121 1.77,1336 1.77,1352 1.77,1490 1.77,1494 1.77,1509 1.77,1546 1.77,1553 1.77,1577 1.77,1587 1.77,
bianco,95 3.21,
base,96 3.21,
boo,97 3.21,
burgoo,100 3.21,
bcv5t3g5,100 2.43,101 2.43,102 2.43,103 2.43,104 2.43,662 2.43,
bulk,101 3.21,
bbq,103 2.16,146 2.16,554 2.16,586 2.16,1082 2.16,1088 2.16,1211 2.16,1346 2.16,1351 2.16,1516 2.16,1592 2.16,
bcv6b2n4,105 2.73,106 2.73,107 2.73,
bcv6b1g8,110 2.6,929 2.6,930 2.6,931 2.6,
bcv6b1k6,111 2.9,243 2.9,
blvdvancouver,112 2.3,443 2.3,491 2.3,859 2.3,860 2.3,1414 2.3,1546 2.3,1547 2.3,
bcv6b5a7,113 3.21,
bcv6b1c9,114 3.21,
bcv6b1b2,115 2.12,195 2.12,196 2.12,365 2.12,366 2.12,489 2.12,846 2.12,847 2.12,849 2.12,850 2.12,852 2.12,1457 2.12,
baguette,116 2.6,350 2.6,1441 2.6,1569 2.6,
bcv6h3r9,116 2.0,644 2.0,645 2.0,646 2.0,647 2.0,648 2.0,649 2.0,673 2.0,674 2.0,675 2.0,676 2.0,677 2.0,678 2.0,679 2.0,1061 2.0,1537 2.0,
bcv6a1t5,117 2.2,118 2.2,1278 2.2,1280 2.2,1281 2.2,1282 2.2,1286 2.2,1288 2.2,1291 2.2,1299 2.2,
bcv5v3p2,119 3.21,
bcv5v1z4,120 3.21,
bcv6s2c4,121 3.21,
bcv6s2c3,122 2.9,124 2.9,
bcv6s,123 2.9,126 2.9,
bcv6s1c5,125 2.9,128 2.9,
bcv6r,127 2.51,539 2.51,793 2.51,794 2.51,798 2.51,
broadwayvancouver,129 1.11,139 1.11,140 1.11,141 1.11,154 1.11,155 1.11,189 1.11,191 1.11,192 1.11,193 1.11,293 1.11,294 1.11,400 1.11,401 1.11,417 1.11,418 1.11,419 1.11,420 1.11,421 1.11,468 1.11,500 1.11,501 1.11,503 1.11,504 1.11,505 1.11,536 1.11,538 1.11,539 1.11,584 1.11,618 1.11,624 1.11,625 1.11,634 1.11,635 1.11,636 1.11,642 1.11,643 1.11,655 1.11,656 1.11,694 1.11,695 1.11,696 1.11,706 1.11,707 1.11,708 1.11,747 1.11,748 1.11,749 1.11,751 1.11,752 1.11,753 1.11,754 1.11,756 1.11,757 1.11,758 1.11,759 1.11,763 1.11,791 1.11,792 1.11,793 1.11,794 1.11,795 1.11,796 1.11,797 1.11,798 1.11,799 1.11,827 1.11,829 1.11,830 1.11,863 1.11,864 1.11,865 1.11,866 1.11,908 1.11,909 1.11,975 1.11,976 1.11,977 1.11,978 1.11,979 1.11,980 1.11,981 1.11,982 1.11,983 1.11,984 1.11,985 1.11,986 1.11,987 1.11,988 1.11,989 1.11,990 1.11,1019 1.11,1020 1.11,1021 1.11,1093 1.11,1094 1.11,1095 1.11,1096 1.11,1097 1.11,1099 1.11,1100 1.11,1101 1.11,1126 1.11,1130 1.11,1131 1.11,1135 1.11,1136 1.11,1137 1.11,1207 1.11,1208 1.11,1209 1.11,1210 1.11,1231 1.11,1237 1.11,1238 1.11,1239 1.11,1240 1.11,1531 1.11,1532 1.11,
buffet,129 1.95,191 1.95,525 1.95,590 1.95,625 2.54,626 1.95,627 1.95,719 1.95,938 1.95,1208 1.95,1379 1.95,1380 1.95,1389 1.95,1391 1.95,1442 1.95,1517 1.95,1521 1.95,1531 1.95,
bcv6e0b6,130 3.21,
bcv6h1k9,131 3.21,
bcv6h3j5,132 3.21,
byob,
belge,133 3.21,
bcv6h1p1,133 3.21,
bcv6h3j4,134 3.21,
barney,135 3.21,
bcv6h,135 2.51,142 2.51,616 2.51,1233 2.51,1234 2.51,
bcv5z3z1,136 3.21,
bcv5z3z3,137 3.21,
bcv5z,138 2.2,156 2.2,465 2.2,692 2.2,755 2.2,756 2.2,1010 2.2,1025 2.2,1555 2.2,1557 2.2,
bcv6j1w6,139 2.9,140 2.9,
bob,140 3.21,
bcv6j5k9,141 3.21,
bel,143 3.21,
bcv6c1p7,144 3.21,
bcv7y1k8,145 2.73,215 2.73,224 2.73,
bcv6c2w6,147 2.73,148 2.73,153 2.73,
bcv6c2g3,149 2.9,150 2.9,
buns,150 3.21,
bcv6c2g2,151 2.51,152 2.51,1595 2.51,1596 2.51,1597 2.51,
bcv6j1x6,154 2.73,155 2.73,655 2.73,
bakeshop,155 2.9,1068 2.9,
biercraft,157 2.9,1010 2.9,
bcv5l3x2,157 2.43,159 2.43,1115 2.43,1120 2.43,1121 2.43,1311 2.43,
bcv5l,158 1.88,173 1.88,312 1.88,571 1.88,572 1.88,574 1.88,583 1.88,697 1.88,831 1.88,834 1.88,840 1.88,841 1.88,1005 1.88,1007 1.88,1009 1.88,1116 1.88,1118 1.88,1321 1.88,1401 1.88,1403 1.88,1409 1.88,
bcv5l2n1,160 2.9,1310 2.9,
bcv5v3p5,161 3.21,
bcv5y2a9,162 2.6,164 2.6,466 2.6,467 2.6,
bcv5z2w7,163 3.21,
bcv5y2b1,165 3.21,
bcv6j1h7,166 3.21,
bcv6j1h6,167 3.21,
bcv5n4a4,168 3.21,
bcv5l3y4,169 2.73,310 2.73,311 2.73,
bcv6a1a1,171 3.21,
butler,172 3.21,
bcv5l3h8,172 3.21,
buddy's,173 3.21,
benny's,174 2.9,643 2.9,
bagels,174 2.87,517 2.2,643 2.2,644 2.87,980 2.2,1024 2.2,1188 2.2,1453 2.2,1491 2.2,1584 2.2,
bcv5l3j7,174 3.21,
bcv5l2g1,175 3.21,
bcv6z2v6,179 2.43,180 2.43,181 2.43,362 2.43,627 2.43,1376 2.43,
black,181 2.6,772 2.6,1402 2.6,1416 2.6,
blue,181 2.36,186 2.36,514 2.36,676 2.36,1464 2.36,1481 2.36,1583 2.36,
bcv6g3g1,183 2.6,1462 2.6,1463 2.6,1464 2.6,
bayshore,184 2.73,185 3.55,187 3.55,
bcv6g3h5,184 2.73,185 2.73,187 2.73,
bcv6g3e9,186 3.21,
bcv6e1v8,188 3.21,
bcv6h3g8,189 2.6,190 2.6,191 2.6,1236 2.6,
bcv6h1h6,192 3.21,
bcv6h3g6,193 3.21,
bcv6j3h3,194 2.6,577 2.6,578 2.6,579 2.6,
bcv6b5c6,197 2.9,367 2.9,
bcv6b1b6,198 3.21,
beatty,199 2.73,200 2.73,255 2.73,
bcv6b2n7,199 2.73,200 2.73,255 2.73,
bcv7s3j2,201 3.21,
bcv7s2x7,202 3.21,
bcv5y2m5,203 3.21,
bcv6c2g8,205 2.9,206 2.9,
bcv6c3t4,207 2.43,208 2.43,209 2.43,210 2.43,521 2.43,528 2.43,
bellaggio,208 2.9,1570 2.9,
bcv6c0c3,211 2.9,525 2.9,
bcv6b3k4,212 2.43,213 2.43,225 2.43,565 2.43,568 2.43,569 2.43,
bcv6b1y6,214 3.21,
bcv6b1n3,216 3.21,
bcv6c3t3,217 3.21,
bcv7y1h4,218 2.3,219 2.3,220 2.3,221 2.3,222 2.3,223 2.3,947 2.3,1575 2.3,
bcv6b3k3,226 2.73,566 2.73,567 2.73,
bcv6b3j5,227 3.21,
bcv6b1v5,228 2.43,1036 2.43,1037 2.43,1038 2.43,1041 2.43,1044 2.43,
brewing,229 2.9,844 2.9,
bcv6b1e1,229 2.9,364 2.9,
bcv6b1a9,230 2.25,231 2.25,232 2.25,234 2.25,517 2.25,1273 2.25,1274 2.25,1422 2.25,1424 2.25,
bcv6b2t9,233 2.73,844 2.73,1416 2.73,
buzz,236 3.21,
bcv6b1t1,239 2.73,240 2.73,242 2.73,
british,
bay,240 2.9,902 2.9,
bonchaz,243 2.9,763 2.9,
bcv6b2b7,244 2.25,250 2.25,251 2.25,253 2.25,254 2.25,327 2.25,328 2.25,329 2.25,331 2.25,
bcv6z2h7,245 2.6,1564 2.6,1571 2.6,1578 2.6,
bcv6b1a6,246 2.9,332 2.9,
belle,247 3.21,
bcv6b5j3,248 2.43,949 2.43,951 2.43,952 2.43,953 2.43,1380 2.43,
brothers,256 2.9,652 2.9,
bcv6b6l4,256 2.9,257 2.9,
bcv6b6c1,258 2.9,933 2.9,
bcv6b6n7,259 2.9,260 2.9,
bcv6a1b4,261 3.21,
bcv6a1e9,262 2.6,1167 2.6,1427 2.6,1428 2.6,
bcv6a1e7,263 2.73,266 2.73,1458 2.73,
bcv6b2j1,264 2.6,265 2.6,1176 2.6,1314 2.6,
blood,267 2.9,1165 2.9,
bcv6b2j2,268 2.25,269 2.25,270 2.25,271 2.25,490 2.25,664 2.25,1177 2.25,1318 2.25,1319 2.25,
blarney,270 3.21,
bcv6a0a7,273 2.9,769 2.9,
bcv6a2z9,274 2.9,276 2.9,
bao,277 2.73,991 2.73,1040 2.73,
bei,277 2.9,590 2.9,
brasserie,277 2.6,1178 2.6,1513 2.6,1559 2.6,
bcv6a1x4,277 2.12,279 2.12,280 2.12,281 2.12,282 2.12,283 2.12,1294 2.12,1295 2.12,1296 2.12,1297 2.12,1298 2.12,1302 2.12,
bcv6a1x3,278 3.21,
bcv5v,284 2.06,290 2.06,292 2.06,402 2.06,728 2.06,730 2.06,777 2.06,779 2.06,894 2.06,902 2.06,903 2.06,1016 2.06,1023 2.06,1034 2.06,
bcv5v3p9,285 2.6,286 2.6,287 2.6,291 2.6,
bcv5v3r1,288 2.51,289 2.51,688 2.51,1022 2.51,1024 2.51,
bcv5t1w5,293 2.9,695 2.9,
bcv5t1w4,294 2.73,737 2.73,1126 2.73,
bcv5r5w2,295 3.21,
baking,296 3.21,
bcv5t1r9,296 2.73,1124 2.73,1125 2.73,
bcv6j5e2,297 2.9,1064 2.9,
bcv6j,298 2.6,497 2.6,656 2.6,1247 2.6,
bcv5n4a5,300 2.73,301 2.73,305 2.73,
bcv5n,302 2.43,304 2.43,422 2.43,423 2.43,835 2.43,1112 2.43,
bcv5n1j9,306 3.21,
bcv5l3y2,307 2.43,308 2.43,309 2.43,580 2.43,582 2.43,833 2.43,
babylon,309 3.21,
bcv5z3x7,313 2.43,314 2.43,315 2.43,316 2.43,317 2.43,318 2.43,
bcv6p4z6,319 2.43,320 2.43,585 2.43,586 2.43,588 2.43,589 2.43,
bcv5z3a8,321 3.21,
bcv5z2m9,322 2.9,324 2.9,
beef,323 2.9,1027 2.9,
bcv5z3a7,323 3.21,
bcv5z4h2,325 2.25,326 2.25,1539 2.25,1540 2.25,1541 2.25,1542 2.25,1543 2.25,1554 2.25,1556 2.25,
body,331 3.21,
beard,332 3.21,
breads,333 2.6,649 2.6,955 2.6,1158 2.6,
bcv6k1p2,333 2.6,1242 2.6,1244 2.6,1474 2.6,
bcv6l2p1,334 3.21,
bigsby,335 3.21,
bakehouse,335 2.9,1402 2.9,
bcv6l,335 3.21,
bcv6l1r3,336 3.21,
bcv5v3p6,337 2.25,338 2.25,339 2.25,340 2.25,681 2.25,1012 2.25,1013 2.25,1014 2.25,1015 2.25,
bon's,341 3.21,
bcv5n5e5,341 2.51,342 2.51,343 2.51,344 2.51,346 2.51,
bcv5n5e4,345 3.21,
bcv6e1n1,347 2.25,349 2.25,350 2.25,354 2.25,1358 2.25,1359 2.25,1361 2.25,1442 2.25,1519 2.25,
bcv6e1n2,351 2.25,352 2.25,353 2.25,358 2.25,359 2.25,1355 2.25,1516 2.25,1518 2.25,1522 2.25,
bcv6e1n7,356 3.21,
bcv6e4l2,357 2.9,1178 2.9,
bcv6e3v5,360 2.73,361 2.73,550 2.73,
bcv6e1a3,363 3.21,
bcv6b1c6,368 2.9,369 2.9,
bcv6b6l2,370 2.6,373 2.6,605 2.6,608 2.6,
bcv6b2g2,371 2.73,372 2.73,529 2.73,
burrardvancouver,374 3.21,
bcv6z1x9,374 2.6,375 2.6,376 2.6,1562 2.6,
bcv5v3c6,377 2.6,780 2.6,781 2.6,782 2.6,
bcv5v3c9,378 2.6,379 2.6,783 2.6,784 2.6,
bcv5p3w2,380 2.36,393 2.36,394 2.36,395 2.36,396 2.36,397 2.36,399 2.36,
bcv5p,381 1.95,382 1.95,384 1.95,386 1.95,387 1.95,388 1.95,389 1.95,398 1.95,438 1.95,870 1.95,871 1.95,1071 1.95,1073 1.95,1075 1.95,1081 1.95,1084 1.95,1088 1.95,1091 1.95,
bcv5p3w6,383 3.21,
bcv5p3w5,385 2.36,390 2.36,391 2.36,392 2.36,1087 2.36,1089 2.36,1090 2.36,
bon,387 3.26,403 2.51,793 2.51,920 2.51,1352 2.51,
benss,397 3.21,
bcv5y,400 2.6,912 2.6,956 2.6,1099 2.6,
bcv5y4a8,401 2.6,617 2.6,1100 2.6,1101 2.6,
bcv5w,403 2.51,406 2.51,407 2.51,874 2.51,877 2.51,
bcv5v3r8,404 2.73,405 2.73,1018 2.73,
bcv5w3a2,408 3.21,
bcv5w3a1,409 3.21,
bcv6g1c8,413 2.51,493 2.51,494 2.51,495 2.51,867 2.51,
bcv6g1c9,415 2.73,416 2.73,868 2.73,
banana,416 2.9,417 2.9,
bcv6k2g9,417 2.16,418 2.16,419 2.16,420 2.16,421 2.16,981 2.16,982 2.16,983 2.16,986 2.16,987 2.16,988 2.16,
best,418 2.6,1096 2.6,1112 2.6,1503 2.6,
bayswater,419 3.21,
bandidas,422 3.21,
banners,424 3.21,
bcv5n5p4,424 3.21,
bcv5n4c6,425 2.9,426 2.9,
bcv5n2t3,427 2.43,429 2.43,430 2.43,432 2.43,436 2.43,437 2.43,
bcv5n5a1,428 2.6,431 2.6,433 2.6,434 2.6,
banquet,432 3.21,
billiards,433 2.6,608 2.6,670 2.6,890 2.6,
bcv5n3c6,435 3.21,
bcv5p3t6,439 3.21,
bcv5p3t9,440 2.6,872 2.6,1082 2.6,1083 2.6,
bcv5p3t8,441 2.6,442 2.6,1074 2.6,1079 2.6,
bcv6b4x2,444 3.21,
bcv6c2r6,445 3.21,
bcv6b1c8,446 3.21,
bcv6c1b4,448 3.21,
bcv6c3n8,449 3.21,
bcv6c1z7,452 3.21,
bcv6m1y7,453 2.16,454 2.16,455 2.16,456 2.16,457 2.16,458 2.16,459 2.16,460 2.16,710 2.16,1538 2.16,1551 2.16,
bcv5y2h5,461 2.73,462 2.73,463 2.73,
bcv5z2x9,464 3.21,
balilicious,466 3.21,
bcv6k,468 2.3,634 2.3,635 2.3,642 2.3,978 2.3,985 2.3,989 2.3,990 2.3,
bcv6m3w8,469 2.9,470 2.9,
bcv6m1z6,471 2.6,472 2.6,651 2.6,652 2.6,
baan,472 3.21,
bcv5z2v7,473 3.21,
basil,476 3.21,
baoqi,478 3.21,
bcv6b5b6,478 3.21,
bcv6c2t8,479 2.51,481 2.51,482 2.51,483 2.51,484 2.51,
bcv6c1n5,480 3.21,
bcv6c2y9,486 3.21,
boneta,487 3.21,
bcv6b0b7,487 3.21,
bcv6b2h9,488 3.21,
bcv6m,491 2.3,859 2.3,1544 2.3,1546 2.3,1547 2.3,1548 2.3,1550 2.3,1552 2.3,
bcv6e4s9,492 2.9,1459 2.9,
belgian,493 2.9,803 2.9,
bidwellvancouver,495 3.21,
bcv6j1c9,496 3.21,
booster,497 3.21,
bcv6j1c8,498 2.6,499 2.6,1246 2.6,1248 2.6,
bcv6k2e3,500 3.21,
beagle,501 3.21,
bcv6k2e4,501 2.9,505 2.9,
bcv6k3k8,502 3.21,
bcv6k4l3,503 2.73,504 2.73,1531 2.73,
bcv6b2b2,506 2.6,1335 2.6,1336 2.6,1337 2.6,
blues,509 3.21,
barbeque,509 3.21,
bcv6b2w1,509 2.9,548 2.9,
bcv6b3a4,510 2.73,547 2.73,549 2.73,
bcv6b2c9,511 2.16,820 2.16,821 2.16,823 2.16,824 2.16,826 2.16,941 2.16,942 2.16,943 2.16,944 2.16,945 2.16,
bcv6b5p2,513 2.73,1419 2.73,1420 2.73,
bcv6b6k6,516 2.9,1270 2.9,
bcv6k1n6,518 3.21,
bcv6k4s2,519 2.36,520 2.36,1245 2.36,1472 2.36,1473 2.36,1475 2.36,1504 2.36,
bishop's,520 3.21,
brix,529 3.21,
boathouse,531 3.21,
beach,531 2.3,532 2.3,535 2.3,1106 2.3,1107 2.3,1443 2.3,1444 2.3,1447 2.3,
bcv6e1v3,531 2.73,532 2.73,1107 2.73,
brits,533 3.21,
bcv6g1w2,533 3.21,
bcv6g0a8,535 3.21,
bcv6r2b3,536 3.21,
bcv6r2b1,537 3.21,
bcv6r3h4,538 3.21,
bcv6k4t3,540 3.21,
bcv6k4a9,541 2.51,543 2.51,544 2.51,801 2.51,802 2.51,
bangkok,542 3.21,
bcv6k1r3,542 3.21,
blaq,544 3.21,
bcv6e1n5,545 2.6,1437 2.6,1440 2.6,1454 2.6,
bute,552 2.36,560 2.36,561 2.36,1190 2.36,1191 2.36,1434 2.36,1435 2.36,
bcv6v1j7,553 2.6,555 2.6,557 2.6,558 2.6,
bcv6v3c8,554 3.21,
bcv6v2z6,556 3.21,
bcrichmond,558 3.21,
block,559 3.21,
bcv7x,559 3.21,
breka,560 3.21,
bcv6e3y4,560 3.21,
bcv6e1y4,561 3.21,
bcv6x1n4,563 3.21,
bcv6g2l7,564 2.9,1221 2.9,
bcv5l1v2,570 2.36,573 2.36,1398 2.36,1399 2.36,1400 2.36,1402 2.36,1407 2.36,
bcv6j1n8,575 3.21,
bcv6j1p1,576 3.21,
bibo,579 3.21,
bcv5l3x9,581 3.21,
benkei,584 3.21,
bcv5z0b4,584 2.6,706 2.6,707 2.6,708 2.6,
bcv6p4z8,587 3.21,
bcv6m3c5,590 2.6,591 2.6,592 2.6,594 2.6,
bcv6m3c4,593 3.21,
bcv6v3b1,595 3.21,
bcv6v1n6,596 3.21,
bcv6v1x4,597 2.9,601 2.9,
bathgate,598 3.21,
bcv6v1y5,598 3.21,
bridgeport,599 2.9,600 2.9,
bcv6v1j5,599 3.21,
bcv6v1j4,600 3.21,
bcv6v,602 2.9,713 2.9,
bcv6v1y1,603 3.21,
bcv6v2r5,604 3.21,
bcv6b2s8,610 3.21,
bcv6h4h7,611 3.21,
bcv6j1r1,612 2.9,614 2.9,
bcv6j1r2,613 3.21,
bcv6h3e9,615 3.21,
bcv5y1r4,618 3.21,
bcv5y1n7,619 2.6,620 2.6,621 2.6,622 2.6,
bcv5y3z5,623 3.21,
bcv5z1k1,624 2.51,625 2.51,752 2.51,753 2.51,754 2.51,
bcv6z1x6,626 2.9,1375 2.9,
bombay,627 3.21,
bcv6z2v7,628 2.73,633 2.73,1565 2.73,
boulangerie,631 2.9,1422 2.9,
bcv6z2k7,631 2.9,632 2.9,
bcv6k3t4,636 3.21,
bcv6r1n8,637 2.73,861 2.73,862 2.73,
bcv6r4n6,638 2.3,639 2.3,641 2.3,1449 2.3,1450 2.3,1451 2.3,1452 2.3,1453 2.3,
beyond,639 3.21,
bcv6r3p8,640 3.21,
bcv6k2e9,643 3.21,
bcv6m2a3,650 2.51,1487 2.51,1489 2.51,1492 2.51,1499 2.51,
bcv6m3y3,654 3.21,
bcv5z2v9,657 3.21,
bcv5t3b4,658 3.21,
bcv5v3m6,659 2.9,660 2.9,
bcv5t3g7,661 2.9,663 2.9,
bcv5t1j8,665 3.21,
bcv5t3h7,666 3.21,
bcv5t3e3,667 2.73,670 2.73,671 2.73,
budgie's,668 3.21,
burritos,668 3.21,
bcv5t3h9,668 3.21,
bcv5t3e2,669 2.9,1127 2.9,
bcv6k3x5,680 2.73,1485 2.73,1486 2.73,
bcv5z1c6,682 3.21,
bcv5z0a9,683 3.21,
bcv5z2t9,684 2.73,686 2.73,687 2.73,
bcv5y3w5,685 3.21,
bcv5y2a1,689 2.9,691 2.9,
beans,690 2.9,1124 2.9,
bcv5z2w6,690 2.6,693 2.6,1011 2.6,1180 2.6,
bcv5t3m7,694 3.21,
bcv5t,696 2.43,722 2.43,758 2.43,771 2.43,772 2.43,1131 2.43,
bcv5l4t6,698 3.21,
bcv5l4g5,699 3.21,
bcv5z3y6,705 3.21,
bang,708 3.21,
beljam's,709 3.21,
bcv5z1e7,709 3.21,
bcv6m1y8,711 3.21,
bcv6x1j5,712 3.21,
bcv6v1g5,714 2.6,717 2.6,718 2.6,719 2.6,
bcv6x,715 3.21,
bcv6x2v1,716 3.21,
brother's,718 3.21,
burdock,720 3.21,
bcv5t3e8,720 3.21,
bcv5t3e6,721 2.9,1173 2.9,
bcv5l3x4,723 2.9,1114 2.9,
bohme,724 3.21,
bcv5n4m4,724 3.21,
bcv5n5e6,725 3.21,
ba,726 2.73,740 2.73,1296 2.73,
bcv5t2r7,726 2.6,773 2.6,775 2.6,776 2.6,
bcv5v4e4,727 2.73,729 2.73,731 2.73,
bodhi,728 3.21,
bcv5r4h3,732 2.9,734 2.9,
bcv5r5k6,733 2.51,739 2.51,740 2.51,741 2.51,1509 2.51,
bino's,735 3.21,
bcv5r5k5,735 3.21,
bcv5r4j9,736 3.21,
bcv5r,738 2.9,745 2.9,
bcv5r5l1,742 2.9,743 2.9,
bcv5m2a4,744 3.21,
bcv5z3j2,746 3.21,
bcv5z1j6,747 3.21,
bcv5z1g8,748 2.73,749 2.73,757 2.73,
bcv5z4j7,750 2.9,751 2.9,
broadway/heather),756 3.21,
bcv5t1w1,759 2.9,1135 2.9,
box,760 2.73,947 2.73,1415 2.73,
bcv5t3e5,760 2.43,761 2.43,762 2.43,1169 2.43,1170 2.43,1171 2.43,
bcv5t1w2,763 3.21,
bcv5t0c1,764 3.21,
bcv5t3g3,765 3.21,
bcv5w3r9,766 3.21,
bcv6a1s9,767 2.9,940 2.9,
bcv6b2j7,768 3.21,
bubbletown,773 3.21,
bcv5v3c1,774 3.21,
bcv5v3e1,778 3.21,
bo,785 2.9,873 2.9,
bcv5k,785 2.3,991 2.3,995 2.3,997 2.3,998 2.3,999 2.3,1000 2.3,1002 2.3,
bcv5k1z2,786 2.9,996 2.9,
bcv6r3r8,791 2.51,792 2.51,797 2.51,1253 2.51,1254 2.51,
bcv6r2b8,795 2.9,799 2.9,
break,796 2.9,1452 2.9,
bcv6r2b7,796 3.21,
bcv6k1p9,800 2.9,1505 2.9,
bcv5n4a3,803 3.21,
bcv6z1b6,805 3.21,
bcv6z2s8,806 2.9,808 2.9,
bcv6z2s7,807 3.21,
bcv6z1b1,809 3.21,
bcv6z1b7,810 2.9,812 2.9,
bcv6z0b2,811 3.21,
bg,813 3.21,
bcv6z1p6,814 3.21,
bcv6z1l2,815 3.21,
bcv6z2b6,816 3.21,
bar+kitchen,824 3.21,
bcv6z1l3,825 3.21,
bcv5n1v9,827 3.21,
buddha's,828 3.21,
bcv5n4b9,828 3.21,
bcv5n4b8,829 2.9,830 2.9,
brothers',831 3.21,
bcv5l5g2,832 3.21,
bcv5n4b2,836 3.21,
bcv5l3x6,837 2.73,838 2.73,1117 2.73,
basha,839 3.21,
bcv5l2t6,839 2.6,842 2.6,843 2.6,1119 2.6,
brado,841 3.21,
bcv6b1m1,845 2.3,1046 2.3,1051 2.3,1053 2.3,1056 2.3,1058 2.3,1059 2.3,1060 2.3,
bcv6b4m3,848 3.21,
bimini,854 3.21,
bcv6j1m9,856 3.21,
bcv6m3w4,860 3.21,
bcv6k2h5,863 2.43,865 2.43,1237 2.43,1238 2.43,1239 2.43,1240 2.43,
bcv6k2h2,864 3.21,
bcv6k4n7,866 3.21,
bcv6g1e1,869 3.21,
bcv5w2z3,873 3.21,
bhaia,874 3.21,
bcv5w2z5,875 2.51,876 2.51,878 2.51,879 2.51,880 2.51,
biryani,878 3.21,
bcv5w2w4,881 3.21,
bcv5n2t1,882 2.9,883 2.9,
bcv5n4n8,884 3.21,
bcv5n2s9,885 3.21,
bcv5n4s9,886 3.21,
bcv5r5j7,887 2.9,891 2.9,
bcv5r4b2,888 3.21,
bcv5r4a4,889 3.21,
bcv5r5j9,890 3.21,
bcv5r4c7,892 3.21,
bcv5v3e3,893 2.73,895 2.73,896 2.73,
bcv5v3e4,897 3.21,
bcv5v4y6,898 3.21,
bcv5v3e2,899 2.73,900 2.73,901 2.73,
bcv6a1z7,904 2.9,906 2.9,
bcv6a2z7,905 3.21,
brixton,906 3.21,
bcv5z3c3,907 3.21,
burrito,908 2.6,1096 2.6,1251 2.6,1431 2.6,
bcv5z4c2,908 2.9,909 2.9,
bcv5y1c6,910 3.21,
bcv5y4a2,911 3.21,
bcv5y1b3,913 3.21,
bcv5t1c5,914 3.21,
bcv5t4r4,915 3.21,
bcv5t4t1,916 3.21,
bak,920 3.21,
bcv6e2b1,920 2.3,921 2.3,924 2.3,926 2.3,1345 2.3,1346 2.3,1347 2.3,1348 2.3,
bcv6e1c5,922 2.9,928 2.9,
bcv6e1c6,925 3.21,
barclay,928 3.21,
bcv6b1s5,932 3.21,
bcv6b2l1,934 2.43,935 2.43,936 2.43,937 2.43,938 2.43,939 2.43,
bottleneck,942 3.21,
bcv6z1a1,946 3.21,
bcv6b3l4,950 3.21,
beaucoup,954 3.21,
bcv6j3b5,954 3.21,
bcv5y3b7,955 3.21,
barrel,957 3.21,
bcv5y0c2,957 3.21,
bcv5t1a1,958 3.21,
bcv5t0c2,959 3.21,
bcv5t1b1,960 3.21,
bcv5v0a2,961 2.9,965 2.9,
bcv5v3r2,962 2.73,963 2.73,964 2.73,
bcv6k3v9,967 2.36,969 2.36,970 2.36,971 2.36,972 2.36,973 2.36,974 2.36,
bcv6k3w1,968 3.21,
bcv6k2g7,975 2.73,976 2.73,977 2.73,
bcv6k2g6,979 2.73,980 2.73,984 2.73,
bagelry,980 3.21,
bcv5k3w8,992 3.21,
bcv5k1z9,993 2.9,994 2.9,
bcv5k1y8,1001 2.73,1003 2.73,1004 2.73,
bcv5l1v6,1006 2.9,1008 2.9,
bcv5v3r9,1017 3.21,
bcv5z2w4,1026 2.9,1027 2.9,
bcv5z2w5,1028 3.21,
bcv5v3n2,1029 3.21,
bcv5v3n5,1030 3.21,
bcv5v3n7,1031 2.6,1032 2.6,1033 2.6,1035 2.6,
buongiorno,1039 3.21,
bcv6b6h6,1040 3.21,
bcv6b1v3,1042 3.21,
bcv6b1l6,1047 2.9,1055 2.9,
bcv6b1m8,1048 3.21,
bcv6b4n6,1049 2.6,1050 2.6,1052 2.6,1054 2.6,
bali,1050 3.21,
bcv6b4n4,1057 3.21,
bcv6h3s2,1062 3.21,
bcv6j1e8,1063 3.21,
bica,1064 3.21,
bcv6j1h2,1065 2.51,1066 2.51,1067 2.51,1068 2.51,1069 2.51,
bcv5p3v8,1070 3.21,
bountiful,1075 3.21,
bcv5p3v1,1076 2.6,1077 2.6,1078 2.6,1080 2.6,
burmese,1080 3.21,
bun,1083 2.9,1569 2.9,
bcv5p1c9,1085 3.21,
blogger,
bcv5p3v7,1092 3.21,
bcv5y1p4,1093 2.73,1095 2.73,1096 2.73,
bcv5y1p1,1094 3.21,
bcv5y3l1,1097 3.21,
bcv5y1p6,1098 3.21,
bridge,1102 3.21,
bcv6h3r8,1102 3.21,
beanstalk,1103 3.21,
bcv6h4j6,1103 3.21,
bcv6h3r5,1104 3.21,
bcv6g3e2,1105 2.9,1106 2.9,
bcv5n4a9,1111 2.9,1113 2.9,
bcv5t3c9,1122 2.73,1123 2.73,1128 2.73,
bcv5t3j5,1129 3.21,
bcv5t4g5,1130 3.21,
bcv5t4s9,1132 3.21,
bcv5t1r8,1133 2.9,1134 2.9,
bcv5t1x7,1136 2.9,1137 2.9,
barbarella,1137 3.21,
bcv6a2w1,1138 2.6,1139 2.6,1141 2.6,1412 2.6,
bcv6a4l4,1140 2.9,1142 2.9,
buca,1144 3.21,
bcv6l2n8,1144 3.21,
bcv6z1w5,1145 2.9,1148 2.9,
bcv6z2r5,1146 3.21,
bcv6z1w2,1147 3.21,
bcv6z1z7,1150 2.6,1151 2.6,1154 2.6,1155 2.6,
bcv6z2b7,1152 2.9,1153 2.9,
bcv6e4l8,1156 3.21,
bcv6z1z5,1157 2.9,1159 2.9,
bcv6z1b9,1162 2.9,1164 2.9,
bin,1164 3.21,
bcv5t3e7,1168 2.73,1172 2.73,1174 2.73,
bingo,1169 3.21,
bcv5t3b9,1175 3.21,
bcv6z1y9,1179 3.21,
bcv6e4l4,1181 2.9,1182 2.9,
bcv6e2s8,1183 2.73,1184 2.73,1190 2.73,
bcv6e0a7,1186 3.21,
bcv6e4a6,1187 3.21,
bcv6e4s3,1188 2.9,1189 2.9,
bcv6e4t7,1191 3.21,
bcv6e0a2,1192 2.9,1193 2.9,
bcv6e2v2,1194 3.21,
bcv6e4t5,1195 3.21,
bcv6c3t1,1196 3.21,
bcv6e4r5,1197 2.9,1198 2.9,
bcv6c2t4,1199 3.21,
bcv6z2y3,1203 3.21,
bcv6z2v4,1204 3.21,
bcv6z2y1,1206 3.21,
bcv6h1g1,1207 3.21,
bcv6h1g5,1208 2.9,1231 2.9,
bcv6h3x5,1209 3.21,
bcv6h3x8,1210 3.21,
bcv6z2r9,1211 2.6,1212 2.6,1218 2.6,1219 2.6,
bcv6z1v3,1213 2.9,1216 2.9,
bcv6z2e1,1214 2.9,1215 2.9,
bcv6z3b7,1217 3.21,
buckstop,1222 3.21,
bcv6g2l8,1222 2.9,1223 2.9,
bcv6g1h2,1224 3.21,
bcv6g2l9,1227 2.73,1229 2.73,1230 2.73,
bannock,1231 3.21,
bcv6h1l1,1232 3.21,
bcv6k1n9,1243 3.21,
browns,1245 3.21,
bcv6k1c6,1249 3.21,
brothers.,1251 3.21,
baru,1253 2.9,1563 2.9,
brazilian,1253 2.73,1354 2.73,1389 3.55,
bcv6r2g4,1255 3.21,
bcv6r2g7,1256 3.21,
brown,1257 3.21,
bcv6r2j1,1257 2.36,1258 2.36,1259 2.36,1264 2.36,1533 2.36,1534 2.36,1535 2.36,
bcv6r2h9,1260 2.6,1267 2.6,1500 2.6,1501 2.6,
bcv6r2h8,1261 2.43,1262 2.43,1263 2.43,1265 2.43,1266 2.43,1268 2.43,
bcv6r2h6,1269 3.21,
bcv6b2w7,1271 3.21,
bcv6b5p9,1272 3.21,
bcv6a1k3,1275 2.9,1313 2.9,
bcv6a4j1,1276 2.51,1277 2.51,1284 2.51,1285 2.51,1287 2.51,
brandiz,1277 3.21,
bestie,1278 3.21,
bcv6a1t6,1279 3.21,
bcv6a1p1,1289 2.9,1303 2.9,
boss,1298 3.21,
bcv6a1x5,1301 3.21,
bcv6a1p4,1304 2.9,1305 2.9,
bcv6a3y4,1306 3.21,
bcv6a3a7,1307 3.21,
brewhouse,1308 3.21,
bcv6a1p7,1308 3.21,
bcv6b2z3,1309 2.9,1312 2.9,
breakfast,1315 3.21,
bcv6b1x7,1316 3.21,
bcv6b6a3,1317 3.21,
bcv5l1s7,1320 3.21,
bcv5l1p7,1322 3.21,
bcv5l5c9,1323 2.9,1324 2.9,
bcv5l1j2,1326 3.21,
bcv6b6a1,1327 2.51,1328 2.51,1329 2.51,1331 2.51,1332 2.51,
bcv6b0e7,1330 3.21,
bcv6b2m1,1334 3.21,
bcv6b6b3,1338 3.21,
bcv6b2r7,1339 3.21,
bcv6b5s3,1340 3.21,
beirut,1342 3.21,
bcv6b2w2,1342 3.21,
bcv3m,1344 3.21,
bretagne,1345 3.21,
bcv6e3z6,1350 2.9,1352 2.9,
brazil,1354 3.21,
bcv6e4l7,1357 2.6,1360 2.6,1520 2.6,1521 2.6,
bcv6g2m7,1365 2.73,1366 2.73,1514 2.73,
bcv6g2m4,1367 2.9,1368 2.9,
bcv6g3e4,1371 3.21,
bcv6b3m1,1372 2.9,1373 2.9,
bcv6e1a1,1374 3.21,
bcv6b3k9,1381 2.73,1382 2.73,1385 2.73,
bcv6c3j3,1383 3.21,
bcv7y1k4,1384 3.21,
bcv6g2l3,1389 3.21,
basil's,1394 3.21,
bcv5v3c2,1404 2.9,1405 2.9,
bcv3c6r8,1406 3.21,
bcv5l1v3,1408 3.21,
bojangles,1413 3.21,
bcv6z2z4,1413 3.21,
bcv6z2x8,1414 3.21,
boulevardvancouver,1415 2.6,1545 2.6,1548 2.6,1552 2.6,
bcv6b2s2,1417 3.21,
bcv6b5x6,1421 3.21,
bcv6b2t4,1423 3.21,
bambudda,1428 3.21,
bcv6a3z8,1429 3.21,
bcv6e1z8,1434 3.21,
bcv6e1n4,1435 3.21,
bcv6r4l9,1443 2.73,1444 2.73,1446 2.73,
bear,1445 3.21,
bcv6t,1445 3.21,
bcv6r1b4,1447 3.21,
brock,1448 3.21,
bcv6r1b3,1448 3.21,
brioche,1455 3.21,
bcv6b1e5,1455 2.9,1558 2.9,
bcv6b4k2,1456 3.21,
berries,1460 3.21,
bcv6g3e3,1460 3.21,
bcv6g2t1,