am 0 19 21 28 35 67 71 74 99 146 528 831 898 910 915 916 948 1011 1017 1053 1068 1151 1168 1201 1309 1325 1344 1345 1360 1421 1486 1491 1579 1657 1682 1737 1742 1745 1751 1789 1817 1849 1905 1941 1969 2023 2032 2118 2201 2249 2283 2365 2377 2395 2409 2412 2415 2438 2456 2463 2465 2492 2555 2577 2647 2647 2670 2704 2760 
me 0 5 95 540 693 916 934 1033 1257 1344 1351 1405 1486 1518 1561 1563 1569 1742 1751 1846 1852 1855 1867 1868 1873 1884 1885 1889 1891 1897 1902 1903 1906 1918 1926 1930 1939 1949 1955 1967 1970 1972 1980 1981 1982 1985 2062 2200 2249 2258 2260 2394 2412 2440 2581 2619 2641 2681 2704 2895 2932 2949 
er 0 4 9 11 30 32 36 48 51 72 75 76 96 103 127 130 138 144 184 198 224 237 289 304 351 372 374 412 414 493 535 559 597 696 765 827 844 873 906 916 924 933 934 942 943 946 960 1017 1021 1033 1048 1061 1073 1078 1083 1084 1088 1102 1106 1110 1112 1123 1135 1136 1154 1162 1164 1180 1185 1217 1219 1224 1231 1238 1240 1241 1243 1255 1258 1267 1276 1279 1340 1351 1363 1371 1374 1389 1394 1403 1406 1417 1428 1437 1445 1446 1454 1461 1469 1478 1481 1486 1488 1490 1507 1509 1518 1534 1540 1548 1553 1554 1562 1579 1586 1590 1623 1653 1664 1665 1667 1678 1688 1691 1707 1711 1712 1713 1742 1768 1776 1784 1802 1804 1807 1817 1826 1831 1844 1846 1855 1884 1885 1899 1903 1914 1924 1927 1928 1942 1964 1985 1997 2006 2022 2036 2048 2062 2097 2104 2108 2109 2112 2134 2136 2145 2166 2184 2185 2190 2191 2205 2216 2217 2220 2227 2229 2242 2247 2258 2259 2262 2266 2285 2288 2290 2291 2294 2328 2336 2339 2350 2370 2374 2378 2384 2438 2440 2444 2487 2496 2501 2509 2536 2575 2579 2585 2597 2599 2602 2610 2613 2618 2633 2658 2660 2674 2675 2676 2679 2698 2701 2703 2706 2707 2708 2710 2717 2717 2723 2741 2745 2747 2754 2771 2781 2785 2791 2793 2798 2799 2817 2835 2843 2849 2862 2865 2866 2867 2868 2888 2891 2893 2895 2917 2929 2932 2949 2952 2958 2960 2961 2964 2965 2966 2967 2969 2973 
ri 0 6 8 281 304 432 436 452 475 493 511 633 635 702 841 844 933 937 942 956 971 1021 1060 1061 1064 1092 1125 1134 1136 1169 1177 1180 1195 1202 1240 1243 1258 1267 1277 1286 1293 1321 1335 1339 1357 1364 1384 1393 1394 1396 1412 1428 1442 1460 1475 1542 1567 1570 1575 1578 1607 1609 1667 1678 1693 1712 1776 1802 1831 1880 1885 1901 1921 1958 1959 1970 1993 2043 2068 2071 2079 2084 2088 2104 2112 2134 2144 2163 2200 2204 2208 2213 2248 2250 2254 2256 2262 2263 2269 2271 2272 2275 2276 2278 2285 2287 2289 2308 2312 2316 2317 2319 2322 2325 2362 2429 2468 2480 2489 2521 2536 2545 2575 2579 2587 2591 2635 2640 2652 2693 2699 2701 2708 2709 2715 2723 2767 2911 2912 2963 
ic 0 8 49 87 394 452 688 919 986 1002 1024 1041 1047 1054 1060 1062 1110 1116 1152 1169 1208 1239 1272 1286 1289 1318 1353 1418 1578 1600 1604 1610 1611 1629 1665 1667 1774 1801 1802 1831 1848 1867 1868 1897 1970 1975 1979 2009 2027 2033 2040 2049 2072 2084 2087 2139 2140 2180 2221 2241 2248 2269 2271 2272 2275 2276 2278 2284 2287 2289 2319 2322 2338 2351 2353 2384 2473 2479 2486 2491 2505 2549 2553 2557 2558 2656 2708 2709 2723 2735 2751 2767 2869 2911 2912 
ca 0 8 68 87 90 91 688 718 894 900 903 907 909 910 915 921 926 927 930 933 936 937 938 941 943 946 950 953 964 968 969 970 971 987 990 1002 1004 1005 1011 1015 1017 1018 1025 1026 1032 1040 1043 1044 1049 1058 1059 1063 1064 1068 1070 1070 1072 1076 1078 1085 1086 1087 1090 1092 1093 1101 1104 1116 1130 1272 1313 1429 1578 1712 1755 1796 1804 1841 1867 1868 1885 1904 1963 2067 2114 2139 2180 2344 2469 2486 2502 2599 2656 2716 
an 0 1 3 4 8 9 22 28 30 32 36 39 42 50 52 58 72 87 95 96 98 139 174 184 198 351 369 369 373 374 379 398 411 412 444 493 520 527 616 704 760 767 779 824 827 873 890 894 894 921 950 959 968 971 990 1017 1042 1073 1074 1080 1085 1093 1101 1102 1122 1124 1131 1135 1136 1164 1170 1175 1185 1196 1210 1219 1219 1221 1240 1240 1242 1244 1266 1267 1276 1279 1285 1288 1289 1338 1363 1365 1372 1376 1400 1406 1415 1420 1429 1430 1444 1452 1454 1457 1469 1481 1481 1492 1497 1506 1507 1509 1520 1539 1548 1553 1554 1564 1567 1568 1577 1578 1580 1584 1589 1591 1592 1592 1593 1600 1601 1608 1610 1611 1611 1614 1615 1626 1631 1639 1651 1669 1676 1681 1686 1691 1704 1722 1748 1759 1768 1768 1795 1804 1823 1836 1838 1846 1846 1855 1864 1866 1867 1868 1871 1875 1880 1884 1903 1934 1943 1946 1952 1956 1960 1964 1994 1997 2000 2015 2018 2026 2041 2049 2060 2072 2082 2094 2102 2108 2109 2110 2114 2117 2135 2142 2145 2155 2165 2167 2175 2185 2187 2189 2198 2209 2220 2226 2227 2231 2233 2241 2243 2244 2251 2254 2274 2295 2311 2328 2336 2338 2339 2350 2351 2362 2364 2367 2370 2376 2409 2421 2426 2434 2439 2486 2502 2510 2513 2514 2517 2519 2548 2557 2584 2601 2603 2603 2603 2612 2618 2621 2623 2634 2636 2640 2651 2653 2672 2673 2680 2683 2694 2696 2698 2699 2701 2710 2716 2717 2717 2718 2722 2725 2726 2729 2730 2745 2756 2763 2771 2785 2787 2797 2830 2838 2848 2862 2865 2866 2867 2868 2888 2891 2893 2917 2929 2935 2944 2952 2958 2960 2961 2964 2965 2966 2967 2969 2973 
nd 1 30 45 72 373 452 498 779 949 1101 1151 1169 1235 1273 1275 1293 1317 1370 1415 1444 1460 1472 1492 1551 1591 1593 1601 1606 1608 1613 1614 1621 1625 1704 1768 1784 1795 1809 1835 1875 1880 2015 2097 2142 2210 2271 2272 2275 2276 2278 2287 2289 2303 2338 2351 2409 2486 2508 2510 2513 2518 2557 2640 2767 2772 2793 2797 2823 2880 2911 2912 2962 
ax 2 1099 1431 1892 1917 
xa 2 30 
as 3 12 27 62 73 93 118 175 304 373 400 601 791 820 903 926 927 938 947 960 975 990 1014 1026 1054 1070 1072 1155 1194 1241 1247 1269 1279 1288 1308 1340 1399 1425 1453 1454 1471 1476 1477 1493 1507 1538 1542 1599 1624 1660 1803 1814 1838 1908 1911 1921 1929 1942 1959 2055 2094 2130 2144 2161 2179 2187 2204 2215 2281 2291 2331 2388 2437 2446 2464 2555 2562 2589 2626 2628 2629 2631 2708 2723 2763 2852 
si 3 77 400 820 904 926 947 994 1054 1095 1163 1242 1269 1311 1601 1676 1696 1715 1748 1848 1866 1959 2047 2055 2064 2113 2115 2208 2213 2219 2320 2345 2356 2375 2386 2411 2413 2424 2426 2427 2453 2457 2481 2483 2529 2549 2807 2935 
ia 3 34 41 42 90 174 380 411 614 767 894 907 934 937 956 1033 1091 1094 1101 1151 1240 1242 1266 1394 1397 1406 1428 1429 1452 1457 1466 1567 1589 1591 1592 1601 1606 1613 1776 1864 1866 1885 1910 2070 2112 2145 2175 2176 2179 2204 2209 2229 2433 2471 2516 2579 2587 2598 2603 2693 2694 2699 2708 2709 2721 2723 2760 2809 2895 2932 
av 4 9 17 25 36 43 68 984 1032 1114 1225 1232 1359 1362 1375 1406 1483 1568 1581 1784 2261 2292 2442 2553 2602 2658 2669 2759 2823 
ve 4 4 9 9 17 25 32 36 36 43 96 184 198 351 412 827 873 924 951 1007 1017 1073 1088 1102 1123 1134 1135 1136 1136 1164 1185 1219 1224 1260 1276 1279 1298 1363 1389 1406 1454 1480 1481 1507 1509 1526 1535 1548 1553 1554 1581 1691 1756 1768 1784 1804 1807 1839 1903 1964 1980 1997 2025 2044 2069 2072 2108 2109 2185 2195 2220 2227 2247 2262 2286 2328 2336 2339 2350 2370 2386 2442 2602 2618 2633 2658 2696 2698 2699 2701 2702 2703 2706 2707 2710 2711 2713 2717 2717 2733 2734 2745 2759 2771 2785 2862 2865 2866 2867 2868 2888 2891 2893 2917 2929 2952 2958 2960 2961 2964 2965 2966 2967 2969 2973 
ev 4 9 827 877 1017 1118 1136 1260 1276 1389 1481 1839 2109 2247 2286 2305 2306 2370 2633 
va 4 9 32 36 96 184 198 351 412 827 827 873 877 897 990 1017 1073 1102 1135 1136 1164 1165 1185 1219 1276 1279 1363 1406 1420 1454 1481 1507 1509 1548 1553 1554 1568 1615 1691 1768 1804 1903 1928 1964 1997 2026 2078 2088 2108 2109 2185 2220 2227 2242 2328 2336 2339 2350 2370 2468 2519 2552 2603 2618 2689 2698 2701 2701 2710 2715 2717 2717 2718 2722 2724 2725 2726 2729 2730 2732 2745 2771 2785 2862 2865 2866 2867 2868 2888 2891 2893 2917 2929 2952 2958 2960 2961 2964 2965 2966 2967 2969 2973 
nc 4 9 32 36 96 118 174 184 198 283 351 412 827 855 873 920 994 996 1017 1073 1102 1135 1136 1163 1164 1185 1219 1231 1243 1276 1279 1292 1297 1323 1338 1344 1363 1365 1406 1429 1454 1481 1507 1509 1548 1553 1554 1621 1672 1691 1760 1768 1804 1903 1918 1964 1997 2108 2109 2185 2195 2197 2220 2227 2307 2308 2308 2328 2336 2339 2350 2370 2509 2618 2685 2698 2701 2710 2717 2717 2728 2729 2745 2771 2785 2862 2865 2866 2867 2868 2888 2891 2893 2917 2929 2952 2958 2960 2961 2964 2965 2966 2967 2969 2973 
co 4 9 20 27 32 36 96 174 184 198 351 412 653 827 855 873 897 899 901 906 908 912 913 914 917 929 934 940 942 944 951 954 959 963 965 966 967 972 975 976 983 988 989 989 991 992 993 994 997 999 1007 1010 1014 1017 1023 1033 1034 1037 1041 1047 1048 1050 1056 1059 1073 1075 1079 1080 1080 1082 1094 1098 1100 1102 1106 1115 1135 1136 1164 1185 1219 1224 1231 1276 1279 1292 1333 1338 1344 1363 1406 1454 1481 1507 1509 1548 1553 1554 1650 1691 1768 1804 1897 1903 1964 1997 2040 2108 2109 2132 2185 2220 2221 2227 2265 2284 2300 2308 2322 2328 2336 2339 2350 2370 2382 2488 2518 2546 2549 2578 2580 2618 2650 2675 2698 2701 2710 2717 2717 2720 2745 2771 2785 2862 2865 2866 2867 2868 2884 2888 2891 2893 2895 2917 2929 2932 2952 2958 2960 2961 2964 2965 2966 2967 2969 2973 
ou 4 9 32 36 45 80 96 150 184 198 335 351 394 412 433 493 653 691 788 827 827 849 873 877 922 992 1017 1039 1049 1055 1073 1098 1102 1135 1136 1152 1164 1166 1185 1187 1219 1276 1279 1307 1325 1346 1362 1363 1370 1405 1406 1443 1454 1461 1472 1481 1495 1507 1509 1510 1515 1517 1537 1548 1551 1553 1554 1691 1715 1757 1758 1759 1768 1774 1804 1810 1854 1869 1903 1964 1997 2013 2025 2045 2053 2075 2108 2109 2134 2159 2164 2164 2185 2220 2227 2303 2324 2328 2336 2339 2340 2346 2350 2355 2367 2370 2374 2378 2378 2380 2393 2419 2468 2478 2486 2516 2536 2538 2616 2618 2622 2654 2698 2701 2710 2717 2717 2720 2745 2749 2771 2785 2862 2865 2866 2867 2868 2888 2891 2893 2917 2929 2952 2958 2960 2961 2964 2965 2966 2967 2969 2973 
uv 4 9 32 36 96 184 198 351 412 827 873 1017 1073 1102 1135 1136 1164 1185 1219 1276 1279 1363 1406 1454 1481 1507 1509 1548 1553 1554 1691 1768 1793 1804 1903 1964 1997 2025 2108 2109 2145 2185 2220 2227 2328 2336 2339 2350 2370 2419 2552 2618 2689 2698 2701 2710 2717 2717 2745 2771 2785 2862 2865 2866 2867 2868 2888 2891 2893 2917 2929 2952 2958 2960 2961 2964 2965 2966 2967 2969 2973 
ac 5 20 22 46 83 90 90 245 434 882 953 1004 1059 1115 1341 1363 1430 1582 1650 1656 1670 1747 1887 1888 1894 1904 1907 1963 2086 2087 2109 2131 2139 2162 2178 2221 2346 2401 2405 2439 2535 2578 2580 2598 2650 2675 2706 2842 2842 
cm 5 
ar 6 33 37 40 42 45 50 51 55 57 63 64 82 95 96 102 111 168 207 299 330 351 380 423 591 647 656 715 715 766 827 836 870 877 917 939 940 943 946 948 956 964 969 971 987 1003 1020 1025 1028 1036 1059 1064 1071 1076 1086 1086 1090 1104 1111 1124 1127 1183 1184 1197 1209 1216 1237 1262 1270 1290 1301 1310 1313 1351 1381 1384 1386 1407 1413 1418 1429 1440 1445 1466 1515 1517 1522 1526 1531 1535 1545 1567 1703 1735 1741 1795 1799 1835 1841 1858 1860 1861 1880 1886 1893 1895 1901 1904 1905 1907 1912 1920 1921 1921 1924 1932 1936 1944 1948 1954 1958 1959 1961 1963 2029 2030 2067 2071 2089 2093 2098 2107 2138 2143 2153 2156 2159 2160 2163 2174 2184 2199 2204 2208 2213 2269 2329 2343 2344 2366 2443 2459 2468 2483 2501 2510 2521 2535 2543 2677 2699 2701 2708 2715 2723 2749 2779 2846 2870 
is 6 21 50 82 97 122 150 281 431 904 913 940 982 1046 1157 1224 1274 1284 1343 1542 1575 1593 1602 1608 1609 1614 1664 1678 1712 1713 1714 1716 1718 1736 1753 1765 1779 1831 1876 1906 1961 2055 2058 2102 2104 2115 2163 2208 2213 2215 2219 2254 2257 2285 2315 2376 2493 2569 2574 2605 2720 2789 2792 
st 6 60 82 118 122 371 414 704 756 780 791 941 975 1029 1048 1155 1189 1225 1229 1241 1247 1269 1270 1279 1308 1319 1334 1390 1399 1419 1425 1453 1454 1461 1471 1476 1477 1493 1507 1526 1542 1635 1708 1728 1794 1838 1845 1878 1924 1927 1942 1984 2017 2022 2032 2048 2102 2130 2144 2175 2179 2192 2204 2215 2244 2254 2255 2274 2284 2288 2291 2293 2331 2335 2335 2336 2339 2341 2343 2346 2348 2350 2352 2355 2361 2366 2370 2374 2377 2382 2385 2386 2389 2395 2396 2406 2409 2414 2416 2417 2418 2438 2458 2459 2463 2468 2469 2470 2474 2489 2499 2511 2517 2520 2533 2540 2541 2547 2559 2569 2589 2626 2628 2740 2745 2753 2755 2757 2781 2783 2793 2798 2798 2799 2799 2854 2858 2895 2918 2921 2940 2947 
to 6 54 67 171 511 569 633 635 756 849 928 941 1048 1083 1109 1111 1121 1130 1143 1163 1167 1196 1203 1204 1205 1206 1207 1213 1220 1229 1230 1231 1234 1301 1319 1341 1379 1395 1399 1425 1453 1454 1476 1477 1491 1499 1555 1635 1696 1708 1715 1736 1832 1838 1842 1845 1894 1934 1939 2056 2061 2103 2105 2106 2126 2160 2192 2246 2254 2293 2308 2367 2406 2414 2429 2458 2470 2504 2520 2559 2570 2587 2590 2594 2596 2609 2614 2621 2627 2630 2631 2632 2639 2646 2649 2663 2664 2667 2670 2671 2671 2678 2708 2709 2723 2757 2777 2810 2816 2823 2835 2853 2947 
oc 6 68 453 536 760 839 841 855 912 929 942 954 967 976 989 1014 1080 1130 1414 1417 1483 1516 1594 1712 1755 1780 1796 1804 1841 1910 1911 2020 2060 2061 2077 2124 2273 2282 2365 2433 2451 2458 2469 2502 2516 2599 
cr 6 83 224 452 898 912 916 923 932 958 984 1012 1021 1055 1060 1061 1065 1073 1103 1492 2430 2554 
ra 6 23 94 95 111 224 304 351 603 767 779 809 964 973 984 985 1012 1059 1111 1124 1140 1196 1318 1338 1340 1361 1365 1372 1376 1400 1402 1415 1444 1445 1450 1481 1486 1492 1592 1624 1722 1778 1814 1820 1844 1846 1865 1923 1929 1998 2019 2032 2082 2118 2119 2138 2154 2226 2243 2244 2245 2246 2249 2251 2254 2259 2261 2270 2274 2281 2292 2302 2307 2314 2318 2329 2382 2415 2494 2495 2551 2587 2597 2601 2603 2604 2610 2625 2674 2675 2676 2677 2679 2686 2694 2706 2707 2708 2723 2769 2784 2794 2852 2944 
at 6 10 46 53 59 66 67 258 372 433 473 473 559 928 929 932 933 942 957 967 976 985 1014 1019 1043 1051 1063 1069 1083 1116 1130 1227 1236 1238 1245 1258 1326 1330 1331 1368 1370 1371 1387 1394 1395 1409 1458 1463 1467 1540 1590 1598 1704 1712 1723 1742 1754 1772 1776 1796 1804 1832 1833 1842 1844 1852 1924 1972 1998 2005 2008 2019 2088 2104 2111 2111 2121 2125 2137 2190 2202 2206 2242 2382 2397 2420 2424 2429 2469 2533 2549 2555 2587 2648 2671 2747 2754 2790 2803 2846 2931 
af 7 8 48 52 78 224 900 909 930 936 1177 1324 1492 1580 1719 1788 1837 2342 2521 2645 2677 2764 2775 
fr 7 8 1177 1293 1294 1297 1299 1314 1318 1321 1335 1338 1340 1342 1350 1352 1353 1357 1358 1364 1365 1376 1377 1378 1380 1385 1398 2265 2300 2551 2708 2723 2747 
ro 7 29 38 40 45 61 100 122 148 198 289 535 559 597 763 765 770 839 849 870 912 943 946 995 1062 1065 1079 1103 1103 1230 1244 1314 1352 1385 1416 1417 1471 1472 1480 1483 1521 1534 1545 1607 1622 1636 1703 1715 1895 1904 1930 1985 2006 2030 2103 2115 2136 2153 2194 2195 2196 2206 2217 2238 2240 2241 2253 2258 2266 2267 2273 2278 2280 2282 2283 2285 2287 2288 2291 2295 2296 2297 2298 2299 2303 2304 2311 2320 2321 2326 2327 2328 2331 2332 2333 2365 2391 2438 2462 2490 2599 2599 2615 2747 2849 2924 2932 2970 
en 9 43 49 53 59 95 113 171 240 360 465 591 650 870 919 921 945 949 951 952 966 973 978 981 995 1102 1116 1122 1150 1156 1215 1219 1223 1227 1235 1243 1255 1261 1273 1275 1281 1282 1292 1293 1297 1344 1352 1398 1413 1432 1441 1447 1465 1478 1523 1533 1553 1563 1581 1583 1594 1621 1675 1694 1696 1697 1698 1715 1725 1725 1741 1742 1784 1809 1822 1835 1849 1888 1918 1919 1937 1939 1949 1963 2021 2052 2068 2069 2079 2097 2123 2126 2171 2174 2195 2208 2210 2213 2226 2230 2234 2249 2265 2286 2300 2309 2357 2375 2441 2446 2455 2508 2509 2512 2523 2528 2534 2600 2648 2702 2734 2752 2772 2793 2814 2831 2833 2850 2869 
nu 9 43 1120 1166 1180 1985 1990 1993 2031 2036 2039 2835 
ue 9 43 55 168 188 246 379 422 423 1177 1317 1419 2100 2226 2229 2230 2236 2237 2297 2334 2512 2579 2665 2667 2814 
al 11 13 23 24 30 31 32 47 65 76 79 81 86 394 684 704 856 907 917 927 934 937 944 949 964 966 968 973 988 1026 1027 1033 1049 1077 1087 1105 1200 1272 1324 1333 1391 1422 1428 1431 1438 1446 1482 1528 1536 1536 1543 1558 1584 1589 1590 1598 1678 1712 1724 1729 1733 1755 1759 1767 1857 1866 1871 1874 1885 1887 1926 1941 1953 1998 2019 2043 2078 2079 2101 2138 2162 2175 2186 2211 2267 2268 2330 2333 2349 2368 2369 2383 2387 2392 2404 2420 2433 2446 2452 2456 2471 2477 2516 2519 2537 2677 2724 2732 2791 2800 2810 2816 2823 2835 2884 2895 2932 
lb 11 76 
be 11 76 107 139 168 171 204 215 240 258 265 287 303 326 330 360 371 411 417 423 434 465 498 520 528 653 704 780 804 836 844 870 971 1278 1478 1684 1771 1826 2036 2105 2236 2324 2398 2523 2660 2676 2783 
rn 11 20 207 299 678 906 907 988 997 1048 1086 1231 1241 1270 1512 1590 1623 1707 1841 1899 1914 1931 1995 2132 2374 2378 2602 2658 2660 2703 2708 2723 2781 
ni 11 34 41 606 616 907 968 991 1037 1062 1108 1131 1223 1282 1576 1592 1746 1931 1934 1943 1948 1983 2001 2007 2009 2012 2014 2026 2027 2033 2040 2042 2049 2059 2072 2102 2114 2123 2175 2176 2259 2376 2526 2603 2687 2690 2694 2799 2826 2834 
sa 12 50 93 97 938 940 1117 1117 1192 1194 1268 1598 1765 1815 1975 2083 2094 2187 2338 2349 2351 2367 2368 2369 2369 2387 2392 2397 2404 2415 2420 2429 2434 2435 2439 2446 2447 2452 2456 2464 2477 2490 2492 2503 2503 2510 2513 2519 2521 2522 2532 2537 2543 2548 2555 2555 2556 2557 2591 2763 
ah 12 1679 1966 2133 2428 2616 2750 
hi 12 546 905 919 928 931 949 962 1002 1009 1024 1041 1081 1083 1099 1107 1208 1240 1266 1272 1342 1366 1490 1505 1508 1509 1521 1533 1543 1549 1559 1569 1570 1576 1582 1584 1600 1610 1611 1661 1736 1747 1824 1894 1906 1911 1918 1977 2058 2077 2194 2224 2260 2354 2358 2360 2422 2439 2462 2465 2498 2525 2528 2532 2585 2598 2600 2630 2668 2773 2780 2789 2792 2840 
i- 12 1261 1576 2362 2738 
-y 12 1600 2422 2722 
ya 12 616 1195 1316 1543 1584 1596 1600 1663 1680 1728 1745 1746 1870 1949 2154 2181 2267 2333 2422 2465 2575 2577 2593 2670 2680 2722 2810 2812 2816 2817 2818 2821 2823 2826 2830 2834 2834 2835 2838 
ll 13 32 34 79 107 265 287 380 412 715 856 962 964 988 1028 1038 1066 1099 1105 1159 1176 1196 1216 1372 1382 1393 1396 1400 1428 1442 1446 1475 1481 1482 1508 1509 1524 1528 1648 1912 1955 1957 1998 2025 2092 2105 2138 2156 2210 2224 2265 2300 2304 2321 2324 2383 2407 2438 2500 2594 2697 2708 2723 2724 2727 2731 2732 2736 2760 2765 2776 2791 2800 2843 2944 
le 13 15 30 32 66 113 173 237 287 417 569 650 824 827 877 912 949 985 998 1020 1027 1077 1118 1187 1196 1259 1273 1286 1300 1301 1339 1372 1396 1400 1428 1437 1440 1442 1446 1481 1482 1523 1634 1678 1712 1761 1762 1771 1787 1788 1794 1809 1814 1819 1822 1828 1829 1835 1837 1839 1842 1845 1853 1858 1885 1886 1890 1915 1924 1941 1955 1979 1987 1988 1994 2025 2062 2085 2094 2098 2138 2175 2187 2214 2250 2277 2313 2333 2344 2399 2438 2484 2485 2517 2582 2635 2639 2661 2685 2688 2702 2724 2727 2732 2764 2774 2775 2810 2816 2823 2835 2944 
ey 13 32 207 299 498 1067 1107 1473 1482 1513 1535 1638 2250 2280 2393 2517 2593 2708 2723 2724 
ap 14 15 29 34 44 49 61 75 895 941 1078 1087 1092 1494 1514 1626 1640 1651 1890 1994 2018 2120 2129 2181 2426 2490 2562 2583 2622 2769 2784 2794 2844 
pp 15 49 896 949 1096 1106 1494 1576 2042 2166 2408 2487 2490 2613 2680 2835 2844 
pl 15 1817 1890 1907 2085 2086 2094 2108 2109 2135 2147 2149 2187 2214 2216 2219 2279 2410 2411 2635 2639 
aq 16 446 2579 
qu 16 379 423 1177 1773 1961 2226 2227 2229 2230 2231 2233 2234 2235 2236 2237 2579 
ua 16 927 1669 1785 2227 2231 2233 2364 2459 2673 
ag 17 38 188 241 265 417 667 807 887 969 1002 1034 1068 1117 1140 1314 1315 1361 2146 2155 2314 2407 2474 2503 2515 2697 2736 2765 2768 2817 
ga 17 84 473 1027 1069 1399 1413 1418 1424 1425 1428 1430 1431 1434 1437 1440 1446 1453 1454 1458 1463 1471 1474 1476 1477 1482 1483 1520 1546 1567 1603 1842 1871 1889 1921 1967 2049 2072 2160 2268 2314 2330 2426 2621 2677 2696 
ab 18 77 80 84 89 100 321 937 1018 1026 1278 1300 1301 1571 1726 1730 1752 1832 1889 2157 2363 2423 2455 2582 2660 2661 2688 2702 2841 
bb 18 173 180 569 875 971 1585 1764 
bo 18 80 89 146 150 172 176 213 283 329 339 359 406 414 433 463 491 493 540 546 561 572 650 691 783 824 827 855 877 1018 1089 1307 1363 1515 1517 1657 1710 1726 1750 1760 2013 2299 2302 
ot 18 27 289 535 597 650 765 1034 1173 1379 1416 1421 1449 1498 1500 1504 1554 1573 1736 1767 1806 1894 1992 1995 2056 2095 2114 2153 2285 2358 2454 2460 2649 2675 
tt 18 46 188 258 650 1034 1038 1333 1368 1416 1653 1776 1787 1819 1832 1951 1992 1995 2062 2098 2121 2190 2431 2445 2515 2587 2675 2688 
mi 19 21 23 44 99 606 940 1011 1047 1128 1233 1309 1345 1366 1491 1738 1745 1845 1853 1863 1865 1881 1896 1898 1916 1916 1919 1923 1928 1935 1957 1960 1962 1965 1969 1969 1979 1980 1980 2063 2118 2201 2283 2399 2482 2684 2798 2799 
or 20 35 248 475 678 897 906 907 963 965 988 997 1048 1079 1231 1277 1292 1302 1303 1315 1336 1337 1341 1347 1354 1355 1359 1361 1397 1404 1406 1426 1439 1475 1487 1499 1512 1539 1555 1563 1570 1572 1607 1612 1639 1681 1859 1900 1931 1973 1984 1989 2043 2045 2049 2068 2072 2079 2082 2100 2105 2106 2113 2132 2141 2226 2254 2337 2391 2395 2414 2426 2428 2429 2490 2519 2520 2546 2587 2594 2631 2637 2640 2688 2708 2709 2723 2761 2762 2815 2949 
ad 22 23 41 65 68 73 85 100 141 148 198 331 559 603 894 950 1038 1070 1103 1288 1387 1402 1496 1599 1640 1642 1680 1883 1929 2032 2119 2225 2278 2287 2318 2328 2330 2332 2349 2368 2392 2452 2519 2542 2599 2604 2679 2812 2924 2932 
da 22 373 831 949 950 1036 1114 1124 1129 1131 1146 1147 1161 1168 1170 1171 1172 1175 1184 1197 1208 1209 1225 1226 1232 1288 1370 1505 1599 1660 1678 1686 1712 1835 1880 1925 2032 2142 2146 2508 2668 2681 2823 
na 22 98 369 369 894 928 950 956 1000 1083 1085 1086 1113 1155 1174 1190 1200 1285 1288 1384 1425 1430 1568 1580 1590 1590 1700 1740 1759 1836 1849 1857 1873 1887 1959 1963 1969 1994 1994 1998 2000 2000 2005 2008 2015 2019 2023 2026 2029 2030 2041 2043 2155 2161 2311 2375 2382 2401 2424 2434 2446 2535 2595 2602 2660 2702 2704 2712 2730 2763 
dm 23 1795 
ir 23 94 616 804 1113 1129 1144 1149 1163 1164 1305 1320 1332 1334 1349 1372 1388 1521 1592 1607 1609 1622 1624 1693 1832 2026 2201 2219 2431 2462 2499 2545 2786 
a& 26 
&w 26 
sc 27 1070 1224 1338 2038 2067 2344 2486 2488 2524 2534 2542 2546 2720 
ma 28 67 71 74 86 915 1031 1122 1183 1219 1282 1314 1315 1469 1488 1503 1539 1543 1584 1599 1683 1692 1704 1718 1795 1849 1851 1858 1860 1861 1866 1870 1871 1874 1875 1876 1877 1879 1880 1883 1886 1887 1888 1890 1892 1893 1894 1895 1901 1904 1905 1905 1907 1908 1912 1913 1917 1920 1921 1924 1929 1932 1934 1936 1941 1941 1942 1943 1944 1946 1948 1952 1953 1954 1956 1958 1959 1961 1963 1964 1966 2056 2094 2241 2295 2311 2327 2422 2443 2465 2496 2501 2555 2577 2617 2629 2647 2670 2671 
nt 28 49 77 87 95 171 691 921 945 951 952 966 966 973 981 995 1085 1098 1102 1109 1111 1121 1130 1143 1163 1167 1196 1203 1204 1205 1206 1207 1213 1215 1220 1229 1230 1231 1234 1320 1457 1590 1594 1623 1694 1698 1703 1715 1725 1838 1854 1855 1869 1884 1939 2007 2068 2071 2079 2094 2103 2126 2152 2172 2185 2187 2233 2241 2244 2254 2274 2367 2470 2534 2556 2648 2720 2725 2726 2734 2747 2777 2869 
te 28 48 61 66 91 109 135 188 372 414 448 473 899 921 933 942 967 976 1025 1029 1069 1104 1116 1180 1199 1225 1227 1238 1241 1250 1258 1261 1336 1394 1398 1458 1461 1463 1465 1478 1492 1500 1554 1590 1623 1653 1754 1767 1776 1817 1844 1846 1889 1924 1927 1942 1951 1992 2022 2048 2062 2088 2111 2114 2188 2190 2191 2218 2254 2288 2291 2355 2374 2395 2396 2402 2417 2418 2431 2438 2445 2446 2463 2506 2569 2573 2575 2581 2588 2593 2597 2610 2616 2617 2628 2633 2639 2648 2674 2675 2680 2747 2754 2780 2781 2793 2798 2799 2807 
pr 29 44 49 1092 1097 1248 1249 1271 2084 2088 2103 2115 2119 2192 2194 2195 2196 2200 2223 2394 2711 2808 
on 29 34 41 72 78 283 321 339 359 406 452 498 633 678 849 855 870 913 932 941 951 951 966 979 982 985 991 994 994 999 1023 1048 1062 1075 1075 1086 1113 1115 1120 1130 1140 1151 1160 1169 1174 1180 1181 1195 1200 1202 1230 1311 1317 1319 1320 1329 1333 1370 1407 1423 1459 1491 1499 1513 1534 1537 1541 1547 1555 1557 1574 1576 1590 1601 1622 1635 1670 1672 1696 1700 1702 1708 1712 1715 1721 1723 1735 1743 1746 1775 1782 1786 1792 1796 1804 1813 1814 1828 1845 1857 1864 1874 1876 1878 1887 1904 1938 1940 1993 1996 2010 2011 2046 2050 2059 2059 2064 2066 2071 2074 2103 2115 2169 2174 2176 2184 2190 2192 2194 2197 2206 2238 2242 2243 2271 2272 2275 2276 2278 2287 2289 2299 2308 2313 2382 2387 2388 2406 2466 2467 2469 2518 2522 2526 2533 2590 2596 2604 2611 2639 2646 2667 2690 2703 2746 2747 2757 2767 2768 2777 2777 2794 2825 2847 2853 2911 2912 2970 
ex 30 1243 1248 1251 1257 1867 1868 1897 1982 1999 2277 2581 2581 2659 2711 
de 30 72 73 85 89 943 946 1038 1070 1110 1115 1116 1119 1122 1123 1138 1141 1150 1152 1154 1156 1158 1159 1162 1186 1198 1210 1215 1217 1218 1219 1221 1223 1227 1269 1402 1413 1432 1533 1642 1784 1844 1883 1899 1914 1959 1976 2097 2113 2303 2330 2413 2441 2452 2464 2542 2599 2679 2752 2783 2793 
l' 31 84 820 987 1209 1767 1801 1802 1832 1838 1843 2148 2457 
's 31 40 59 61 74 84 98 239 240 339 431 510 528 535 549 594 820 896 943 960 987 991 1008 1011 1030 1035 1049 1071 1115 1128 1148 1156 1174 1178 1179 1184 1200 1209 1210 1215 1221 1232 1252 1260 1278 1283 1291 1323 1326 1333 1373 1380 1429 1437 1464 1478 1487 1513 1520 1523 1535 1550 1555 1557 1562 1583 1588 1613 1617 1633 1636 1644 1648 1655 1658 1661 1662 1666 1670 1677 1687 1697 1698 1719 1733 1737 1758 1759 1765 1786 1797 1798 1799 1808 1820 1829 1847 1857 1874 1879 1884 1892 1900 1901 1917 1918 1928 1940 1948 1954 1965 1974 1977 2005 2008 2015 2065 2120 2148 2151 2197 2202 2203 2214 2218 2273 2280 2295 2309 2319 2320 2418 2432 2445 2457 2459 2480 2483 2498 2500 2509 2529 2532 2596 2627 2636 2645 2652 2663 2679 2700 2707 2710 2725 2728 2760 2772 2787 2812 2817 2830 2832 2836 2843 2845 
yv 32 198 1548 1691 2220 2227 2785 
rt 33 40 42 50 63 75 76 82 475 963 969 1025 1064 1076 1104 1110 1149 1154 1217 1313 1336 1347 1355 1499 1531 1555 1572 1826 1860 1948 1984 2089 2100 2105 2106 2113 2174 2199 2290 2337 2459 2483 2594 2631 2676 2829 
ts 33 95 436 945 1063 1110 1120 1158 1166 1217 1236 1269 1350 1369 1573 1676 1728 1732 1748 1972 2113 2274 2337 2472 2571 2644 2648 2935 
po 34 475 1277 1576 1834 1886 1994 2018 2042 2092 2095 2100 2105 2106 2113 2124 2132 2134 2141 2152 2164 2168 2173 2176 2182 2185 2197 2222 2337 2426 2454 2490 2672 2672 
ol 34 929 942 967 976 1014 1059 1068 1082 1094 1153 1176 1216 1319 1414 1427 1432 1437 1462 1532 1545 1547 1648 1798 1864 1886 1994 2018 2040 2044 2070 2073 2126 2176 2182 2228 2247 2251 2261 2265 2292 2300 2304 2305 2321 2438 2484 2485 2500 2542 2669 2774 2778 2795 2832 
lo 34 48 297 321 453 696 1068 1088 1130 1331 1337 1346 1374 1382 1414 1422 1429 1438 1461 1516 1712 1755 1757 1758 1759 1763 1764 1767 1775 1780 1782 1786 1790 1796 1798 1799 1804 1806 1807 1810 1812 1821 1841 1874 1912 1980 2105 2159 2176 2182 2216 2392 2469 2502 2561 2751 2776 2791 
mo 35 452 1100 1151 1169 1172 1211 1253 1320 1325 1360 1407 1735 1736 1813 1814 1828 1844 1847 1854 1856 1856 1859 1862 1864 1869 1878 1894 1899 1900 1910 1911 1914 1915 1922 1925 1931 1938 1939 1940 1974 1975 1976 2000 2271 2272 2275 2276 2278 2287 2289 2358 2387 2393 2432 2538 2550 2664 2767 2911 2912 
re 35 49 57 75 83 118 141 248 275 331 455 577 656 715 788 791 807 898 916 923 932 945 952 955 958 981 1055 1061 1066 1073 1097 1102 1201 1240 1248 1249 1257 1267 1271 1289 1292 1294 1297 1299 1310 1342 1353 1380 1381 1387 1388 1398 1401 1409 1426 1441 1473 1489 1681 1713 1723 1741 1859 1900 1937 1963 1973 2004 2008 2156 2191 2192 2210 2223 2225 2239 2242 2244 2247 2252 2257 2264 2265 2265 2268 2274 2277 2279 2286 2293 2294 2300 2300 2305 2306 2309 2313 2315 2324 2329 2335 2339 2352 2361 2370 2386 2389 2409 2414 2416 2424 2426 2430 2431 2468 2469 2470 2519 2540 2546 2554 2586 2606 2620 2633 2659 2711 2734 2749 2786 2808 2843 2947 
e. 36 1254 1924 
.v 36 873 1185 2350 
rb 37 96 168 423 715 1184 1515 1517 1586 1858 2366 2683 
bu 37 96 103 111 127 130 173 177 179 199 220 237 239 279 351 448 510 511 536 569 594 635 678 693 694 718 756 831 883 1111 1195 1202 1371 1579 1580 1585 1980 2028 2366 2455 2841 
ut 37 54 80 96 130 237 448 804 998 1067 1120 1133 1142 1166 1180 1398 1465 1478 1530 1715 1905 1993 2045 2075 2134 2374 2378 2380 2654 2869 
tu 37 40 75 96 953 955 1355 1694 1806 1819 1995 1998 2001 2008 2019 2100 2233 2348 2424 2459 2574 2595 2607 2643 2657 2734 
us 37 58 60 96 335 394 433 788 882 883 953 992 1039 1050 1055 1095 1117 1152 1311 1322 1325 1510 1552 1637 1774 1780 1806 1848 1951 2032 2057 2061 2149 2164 2184 2284 2310 2323 2324 2346 2354 2355 2455 2465 2468 2486 2503 2516 2525 2536 2538 2591 2616 2622 2749 2840 
gr 38 1196 1372 1393 1396 1400 1401 1402 1409 1411 1412 1415 1416 1417 1441 1442 1444 1450 1460 1472 1473 1480 1481 1486 1489 1566 1814 1937 1973 2362 2944 
ur 40 75 103 111 127 150 177 351 511 536 635 693 913 945 955 961 1035 1079 1111 1195 1202 1233 1244 1289 1307 1339 1346 1362 1371 1405 1485 1495 1515 1517 1537 1578 1579 1820 1870 1923 1977 1995 1998 2008 2013 2019 2028 2053 2085 2151 2159 2164 2244 2274 2393 2415 2424 2480 2494 2495 2561 2574 2657 2683 2734 2829 
o' 40 549 896 943 1011 1128 1373 1429 1636 1799 1901 1940 2015 2065 2197 2273 2295 2309 2418 2663 2845 
do 41 68 536 603 897 1109 1111 1113 1117 1120 1121 1128 1130 1132 1143 1153 1160 1163 1166 1167 1173 1174 1176 1180 1181 1182 1187 1192 1194 1195 1196 1200 1202 1203 1204 1205 1206 1207 1211 1212 1213 1214 1216 1220 1222 1229 1230 1231 1234 1423 1502 1601 1640 1680 1799 1857 1887 1982 2015 2045 2119 2425 2470 2519 2640 
ti 42 49 50 82 87 281 691 780 932 951 966 985 1060 1075 1085 1130 1326 1333 1370 1493 1507 1542 1590 1672 1712 1723 1725 1772 1796 1804 1833 1838 1948 1993 2078 2089 2104 2125 2134 2175 2177 2188 2194 2215 2241 2242 2284 2285 2313 2331 2469 2499 2515 2533 2549 2576 2589 2592 2594 2604 2613 2619 2656 2666 2676 2753 2869 
ig 42 84 99 129 334 1027 1064 1158 1198 1280 1282 1464 1490 1603 1625 1817 1983 2012 2013 2043 2099 2424 2522 2525 
gi 42 265 411 510 678 1182 1315 1397 1403 1406 1420 1429 1452 1457 1464 1464 1466 2043 2217 2257 2711 2733 2736 
no 42 549 678 760 855 896 913 1011 1068 1128 1304 1466 1537 1547 1577 1594 1676 1706 1748 1822 1823 1833 1841 1960 1984 1986 1987 1988 1989 1992 1995 1995 1997 2002 2010 2011 2016 2025 2032 2034 2035 2114 2170 2174 2209 2235 2292 2295 2650 2682 2703 2735 2935 
rs 44 72 103 289 374 597 765 913 1048 1078 1088 1334 1346 1351 1359 1374 1539 1563 1653 1807 2022 2190 2258 2266 2291 2428 2438 2677 
s- 44 1542 
-m 44 1253 2581 
id 44 373 412 475 702 1139 1225 1232 1269 1502 1505 1533 1674 1773 1853 1959 1982 2113 2118 2263 2413 2483 2668 2963 
di 44 61 65 373 779 894 912 1101 1108 1112 1126 1139 1145 1149 1151 1157 1165 1189 1224 1259 1414 1462 1466 1484 1591 1606 1613 1621 1625 1768 1846 1873 2318 2348 2486 2543 2604 2812 
un 45 118 220 691 694 1037 1049 1098 1118 1127 1144 1148 1164 1190 1233 1252 1355 1370 1383 1472 1542 1544 1551 1566 1567 1630 1641 1647 1672 1732 1740 1757 1760 1854 1869 1947 2127 2303 2371 2423 2423 2476 2530 2595 2607 2643 2682 2685 2687 2688 2690 2720 2782 2799 2824 2870 
ta 46 73 76 406 704 807 926 954 966 1014 1034 1038 1087 1301 1331 1416 1504 1589 1598 1599 1703 1728 1731 1798 1869 1905 1908 1921 1994 2018 2071 2079 2102 2111 2128 2130 2186 2204 2244 2274 2343 2346 2366 2377 2397 2460 2474 2517 2533 2562 2563 2565 2566 2577 2578 2579 2580 2582 2583 2584 2589 2598 2602 2605 2622 2623 2624 2626 2628 2631 2634 2636 2640 2642 2645 2647 2648 2650 2651 2653 2654 2658 2660 2661 2669 2672 2675 2688 2699 2846 
ck 46 245 453 536 650 756 760 839 919 954 1414 1516 1553 1656 1670 1694 1713 1797 1831 1888 2009 2133 2282 2319 2346 2365 2366 2401 2405 2458 2505 2535 2564 2618 2751 
lp 47 
ph 47 61 1080 1661 1906 2122 2123 2127 2137 2154 2158 2169 2170 2224 2418 2498 2526 2622 
ha 47 52 283 594 601 614 917 947 948 960 969 980 1016 1019 1020 1024 1045 1046 1050 1051 1053 1057 1071 1074 1077 1105 1183 1191 1421 1485 1491 1492 1493 1494 1497 1506 1507 1514 1515 1517 1519 1526 1528 1535 1536 1538 1542 1545 1556 1562 1568 1571 1572 1577 1579 1580 1582 1624 1679 1727 1767 1855 1884 2034 2124 2137 2269 2362 2365 2405 2412 2420 2421 2421 2442 2443 2448 2449 2455 2483 2483 2496 2506 2568 2612 2803 2851 2852 
ft 48 224 1492 2904 
rg 48 55 64 103 127 150 177 1255 1307 1371 1397 1404 1406 1439 1440 1478 1487 1579 1639 1921 2049 2072 2184 2330 2688 
gl 48 417 824 1398 1422 1438 1461 1465 
ow 48 172 569 763 770 928 1056 1065 1083 1109 1109 1111 1111 1121 1121 1130 1130 1143 1143 1163 1163 1167 1167 1196 1196 1203 1203 1204 1204 1205 1205 1206 1206 1207 1207 1213 1213 1220 1220 1229 1229 1230 1230 1231 1231 1234 1234 1234 1374 1399 1422 1425 1453 1454 1476 1477 1511 1587 2030 2080 2092 2246 2302 2391 2470 2470 2527 2561 2570 2751 2776 2791 2810 2816 2823 2835 
ce 49 952 973 981 985 986 994 995 1008 1028 1030 1036 1102 1110 1153 1243 1338 1353 1363 1365 1417 1461 1594 1604 1621 1629 1665 1802 1819 1907 1912 2027 2060 2084 2086 2109 2131 2162 2178 2195 2196 2248 2353 2384 2479 2491 2509 2534 2558 2706 
rc 51 224 647 917 934 1033 1035 1486 1855 1884 1912 1932 1977 2160 2205 2229 2895 2932 
ch 51 118 130 283 434 452 591 841 882 895 902 905 911 917 918 919 920 922 928 929 931 942 947 948 949 957 960 962 967 974 976 978 979 980 986 1001 1002 1004 1005 1006 1009 1013 1014 1016 1019 1020 1022 1024 1024 1029 1035 1035 1041 1042 1043 1045 1046 1051 1052 1053 1057 1062 1067 1071 1074 1077 1081 1083 1084 1099 1105 1107 1133 1142 1169 1208 1287 1297 1318 1323 1356 1430 1483 1582 1600 1610 1611 1667 1675 1741 1747 1760 1767 1855 1884 1894 1911 1918 1932 1933 1970 1977 1979 2077 2124 2197 2205 2269 2271 2272 2275 2276 2278 2287 2289 2338 2351 2364 2439 2512 2542 2557 2598 2767 2911 2912 
he 51 53 59 77 130 289 535 559 559 591 597 765 841 895 902 911 957 978 1001 1005 1013 1029 1052 1084 1318 1430 1453 1483 1490 1496 1516 1523 1524 1531 1534 1540 1540 1544 1553 1558 1565 1581 1583 1586 1675 1711 1741 1810 1970 1979 2174 2338 2378 2436 2482 2515 2523 2557 2567 2790 2869 
fg 52 
gh 52 849 1064 1158 1166 1198 1280 1490 1810 1817 1824 1983 2012 2013 2421 2448 2515 
th 53 59 66 77 289 433 473 535 559 597 765 969 1240 1266 1272 1278 1421 1540 1558 1572 1636 1704 1984 2007 2174 2358 2374 2378 2380 2382 2420 2453 2482 2483 2561 2567 2568 2585 2600 2612 2620 2629 2637 2638 2641 2649 2655 2668 2673 2804 2855 2857 2869 2870 2871 2872 2873 2874 2907 2914 2915 2926 2951 
ns 53 65 220 360 520 704 763 932 985 1075 1144 1163 1164 1233 1412 1499 1534 1598 1635 1641 1696 1715 1792 1804 1878 1904 1937 1978 2038 2115 2192 2242 2313 2357 2388 2423 2530 2603 2604 2757 2798 2799 
au 54 60 70 653 980 1050 1117 1306 1307 1645 1771 1820 1824 1870 2148 2212 2244 2274 2448 2503 2661 2869 
gu 55 58 60 188 1392 1408 1419 1448 1468 1478 1485 2021 2100 2184 2297 2407 2667 2829 
a- 56 88 2422 2708 2723 
-1 56 2887 
ee 57 326 899 901 902 921 1005 1023 1029 1050 1055 1083 1162 1294 1398 1401 1441 1489 1688 1689 1699 1810 1937 1941 2226 2230 2264 2281 2335 2339 2352 2361 2370 2389 2390 2398 2416 2436 2464 2468 2469 2470 2472 2497 2523 2540 2586 2606 2620 2732 2783 2819 
ng 58 71 81 95 275 313 444 493 527 678 730 824 870 933 947 978 979 979 984 1023 1074 1108 1124 1170 1196 1220 1329 1345 1348 1364 1383 1403 1452 1493 1497 1507 1541 1542 1544 1549 1564 1566 1567 1630 1631 1677 1690 1691 1695 1696 1702 1708 1715 1717 1739 1743 1757 1768 1775 1782 1786 1790 1814 1824 1864 1871 1881 1922 1931 1940 1952 1956 2001 2003 2010 2020 2021 2028 2066 2082 2127 2169 2226 2243 2251 2265 2283 2286 2300 2305 2316 2331 2362 2421 2426 2427 2467 2550 2589 2601 2607 2611 2621 2623 2646 2667 2719 2756 2787 2788 2802 2822 2830 2848 
ne 59 207 299 374 406 650 807 904 905 906 941 966 1008 1031 1048 1048 1067 1095 1107 1112 1189 1231 1255 1270 1295 1319 1333 1355 1390 1420 1447 1459 1479 1513 1578 1601 1623 1626 1661 1686 1707 1732 1845 1846 1874 1914 1928 1950 1958 1991 1996 1999 2004 2006 2011 2013 2017 2018 2022 2028 2074 2078 2117 2134 2135 2165 2183 2198 2213 2280 2294 2406 2448 2540 2541 2543 2560 2584 2708 2714 2723 2741 2742 2794 2847 
e' 59 61 510 991 1008 1071 1178 1291 1487 1633 1661 1666 1874 1879 1900 1918 1965 1974 1977 2008 2203 2214 2218 2222 2320 2432 2445 2498 
ug 60 849 1166 1628 1810 1824 2100 2448 2691 
hr 61 1062 1636 2154 2620 
od 61 89 297 329 546 912 1296 1312 1313 1381 1451 1476 1479 1484 1812 1844 1899 1914 1925 1950 1976 1988 2013 2146 2196 2265 2280 2300 2342 2627 2752 2765 2797 2801 
it 61 73 109 135 281 436 511 591 635 925 926 1037 1038 1060 1069 1087 1199 1240 1250 1267 1350 1357 1571 1589 1595 1599 1617 1653 1675 1676 1728 1731 1732 1741 1748 1787 1798 1846 1865 1889 1921 1934 1965 1993 2018 2098 2128 2160 2177 2186 2188 2194 2307 2308 2402 2410 2482 2505 2545 2604 2687 2729 2780 2799 2804 2807 2853 2885 2935 
sh 62 223 248 281 431 601 903 1026 1157 1299 1342 1343 1353 1366 1559 1609 1624 1711 1716 1736 1831 1908 2058 2315 2323 2347 2354 2360 2362 2365 2376 2379 2405 2408 2412 2421 2422 2425 2436 2442 2443 2448 2449 2455 2460 2462 2465 2495 2496 2506 2523 2525 2527 2528 2574 2630 2840 
go 64 99 177 730 1002 1140 1405 1410 1414 1421 1426 1427 1432 1433 1435 1440 1443 1449 1451 1459 1462 1467 1475 1479 1484 1620 1625 1628 1864 1940 1950 1952 1973 2003 2020 2146 2155 2243 2251 2316 2522 2525 2678 2691 2768 
la 65 107 245 265 299 446 493 647 715 929 937 939 942 967 976 1003 1014 1026 1028 1038 1054 1099 1105 1159 1163 1216 1221 1324 1344 1345 1359 1362 1375 1387 1394 1395 1407 1431 1475 1536 1543 1584 1593 1598 1608 1614 1676 1729 1748 1754 1759 1766 1768 1772 1776 1781 1784 1789 1795 1803 1815 1817 1820 1823 1824 1833 1836 1866 1875 1907 1960 2040 2086 2109 2126 2135 2156 2157 2162 2219 2228 2279 2330 2349 2362 2363 2368 2392 2409 2419 2420 2452 2456 2542 2553 2594 2669 2697 2708 2723 2731 2736 2765 2797 2935 
dd 65 239 594 831 1188 1533 1853 2483 2627 
in 65 71 77 81 275 313 549 606 728 730 855 896 904 905 920 928 933 947 956 966 979 984 996 996 1000 1008 1011 1031 1081 1083 1085 1095 1108 1108 1112 1125 1128 1145 1163 1179 1189 1295 1304 1323 1327 1345 1348 1364 1376 1384 1390 1403 1412 1460 1466 1474 1488 1493 1507 1542 1549 1574 1590 1591 1594 1597 1598 1601 1606 1613 1619 1621 1623 1625 1661 1663 1677 1690 1691 1693 1695 1696 1703 1706 1708 1715 1717 1720 1733 1739 1746 1768 1769 1772 1790 1824 1830 1833 1851 1869 1873 1875 1880 1881 1898 1922 1928 1931 1948 1958 1959 1964 1969 1971 1978 2001 2007 2028 2043 2066 2078 2094 2114 2133 2134 2152 2172 2175 2183 2185 2207 2240 2259 2265 2283 2292 2294 2300 2302 2305 2307 2308 2316 2331 2426 2427 2507 2543 2550 2556 2560 2589 2590 2625 2650 2676 2694 2712 2714 2719 2728 2735 2741 2742 2753 2757 2788 2798 2799 2802 2802 2822 2826 2834 
hl 66 
et 66 188 199 379 406 569 807 998 1077 1240 1246 1263 1266 1272 1278 1333 1356 1369 1405 1623 1636 1819 1829 1861 1902 1907 1924 1930 1951 1994 2062 2135 2177 2188 2218 2335 2339 2344 2352 2361 2389 2390 2416 2423 2430 2431 2445 2451 2468 2469 2470 2472 2501 2504 2515 2530 2540 2639 2688 2699 2704 2705 2779 2810 2816 2823 2835 
es 66 83 85 135 223 371 422 693 780 824 844 902 905 914 923 970 976 986 994 1005 1013 1015 1020 1029 1029 1073 1097 1110 1116 1117 1154 1189 1217 1227 1229 1248 1249 1249 1270 1271 1273 1285 1299 1319 1321 1336 1338 1342 1353 1381 1390 1419 1440 1461 1462 1479 1484 1526 1601 1626 1634 1639 1744 1761 1770 1794 1845 1845 1950 1970 1984 2017 2022 2064 2072 2089 2100 2144 2175 2192 2212 2242 2244 2255 2274 2293 2335 2338 2357 2358 2374 2386 2424 2448 2474 2557 2558 2563 2584 2606 2701 2702 2704 2711 2715 2740 2745 2753 2755 2759 2775 2781 2783 2793 2798 2799 2808 2854 2947 
vo 68 1032 1086 1359 1362 1612 2247 2305 2669 2737 
aw 69 1105 1146 1562 1572 1679 1734 2270 2383 2443 2464 2496 
wa 69 148 198 372 559 988 1105 1262 1290 1381 1463 1679 1690 1691 1717 1734 1741 2245 2359 2383 2443 2464 2514 2584 2653 2747 2748 2749 2750 2754 2755 2756 2759 2763 2764 2767 2768 2770 2775 2785 2787 2791 2796 2800 2924 2932 
ay 69 74 148 198 248 282 372 491 559 647 915 1012 1147 1463 1504 1543 1584 1596 1690 1691 1717 1728 1866 2154 2181 2227 2245 2279 2359 2397 2577 2748 2755 2767 2770 2785 2924 2932 
az 71 91 283 767 809 1044 1450 1654 2150 2156 2565 2664 2674 
zi 71 767 809 1888 1965 2848 
so 72 78 85 982 1168 1230 1249 1360 1391 1670 1714 1718 1724 1876 1996 2184 2190 2238 2281 2340 2374 2378 2378 2380 2381 2388 2391 2419 2431 2433 2451 2466 2467 2475 2484 2485 2498 2500 2516 2551 2852 2970 
el 73 107 204 215 241 265 287 411 412 528 656 667 715 887 985 1008 1028 1038 1104 1116 1119 1123 1131 1138 1152 1158 1159 1198 1221 1227 1242 1250 1260 1265 1278 1283 1284 1286 1324 1394 1395 1407 1453 1500 1523 1524 1553 1554 1659 1707 1712 1744 1839 1844 1912 1955 1970 1979 1996 2025 2062 2092 2105 2138 2156 2210 2303 2315 2324 2457 2843 
li 73 81 380 394 394 684 767 907 931 956 1008 1030 1071 1116 1119 1123 1152 1158 1198 1199 1227 1250 1278 1283 1284 1304 1353 1376 1418 1589 1637 1756 1765 1769 1770 1773 1774 1777 1778 1787 1792 1794 1798 1813 1817 1826 1830 1831 1864 1871 1893 1953 2018 2033 2044 2072 2098 2140 2186 2212 2251 2261 2265 2292 2300 2315 2324 2410 2486 2491 2505 2560 2760 2843 
y' 74 239 240 1156 1184 1215 1221 1252 1513 1535 1550 1583 1588 1648 1655 1797 1808 1954 2151 2280 2319 2500 2596 2725 2772 
pe 75 923 949 958 1021 1061 1078 1106 1243 1244 2097 2126 2131 2133 2136 2143 2145 2166 2166 2171 2177 2178 2188 2203 2203 2205 2210 2214 2218 2290 2408 2437 2444 2471 2487 2501 2509 2613 2637 2835 
bs 77 1010 1230 1586 1650 1730 2064 2238 2338 2450 2970 
fs 78 1001 
bi 84 109 122 129 135 174 224 334 380 412 431 463 549 606 616 688 728 730 910 1017 1084 1094 1261 1274 1571 1746 1889 1915 2194 2240 2423 
ai 84 97 614 954 1045 1046 1113 1129 1161 1163 1172 1208 1226 1305 1318 1320 1349 1372 1434 1474 1488 1502 1556 1624 1713 1727 1740 1851 1869 1875 1876 1964 1975 2000 2094 2207 2219 2245 2246 2259 2302 2307 2415 2420 2421 2435 2508 2522 2552 2556 2568 2584 2624 2625 2653 2676 2694 2796 
il 84 380 394 400 767 809 820 912 931 954 962 1030 1066 1099 1196 1226 1304 1309 1372 1382 1393 1396 1400 1414 1442 1468 1475 1481 1491 1508 1509 1616 1676 1748 1777 1843 1845 1863 1893 1915 1955 1957 1960 2224 2245 2246 2250 2386 2399 2435 2484 2485 2486 2591 2594 2697 2708 2723 2727 2731 2736 2739 2760 2765 2776 2783 2935 2944 
ss 85 304 360 783 913 940 982 994 1054 1097 1103 1110 1116 1154 1227 1248 1249 1271 1273 1479 1744 1753 1814 1950 2064 2104 2285 2448 2493 2591 2711 2808 
lm 86 1553 2211 2387 
-2 88 
20 88 1997 2866 2868 2888 2899 2952 2957 2958 
ci 90 394 855 896 920 925 934 996 996 1000 1027 1031 1033 1038 1069 1089 1091 1152 1774 1801 1910 2087 2139 2160 2221 2229 2273 2307 2308 2433 2451 2471 2486 2516 2524 2728 2729 2735 2885 2895 2932 
zt 91 
ec 91 168 650 1005 1075 1286 1287 1713 1767 2114 2133 2236 2313 2364 2430 2471 2512 2518 
ak 92 94 118 138 144 223 313 335 577 643 791 970 1005 1015 1029 1040 1124 1191 1470 1596 1599 1781 1815 1913 2004 2076 2083 2102 2161 2355 2396 2417 2419 2434 2437 2447 2449 2495 2506 2532 2563 2566 2575 2577 2605 2617 2642 2654 2680 2826 2834 2840 2845 2963 
ki 92 94 313 591 914 1208 1580 1599 1674 1675 1676 1677 1687 1690 1691 1693 1695 1701 1703 1706 1708 1710 1714 1716 1717 1718 1720 1728 1731 1732 1736 1739 1741 1748 1753 1913 2028 2052 2101 2102 2133 2419 2505 2550 2574 2575 2590 2592 2605 2617 2644 2680 2708 2719 2723 2802 2826 2834 2935 
rr 95 111 351 511 635 656 844 945 961 964 1111 1169 1209 1578 1678 1712 1846 2030 2153 2191 2391 2585 2597 2674 2675 
ge 95 103 127 150 204 241 475 493 667 696 702 887 969 1023 1034 1117 1264 1314 1361 1364 1371 1394 1395 1397 1403 1404 1404 1406 1407 1436 1439 1439 1445 1447 1469 1487 1487 1488 1579 1639 1639 1666 1673 1757 1809 1812 1835 1956 2052 2082 2216 2226 2263 2266 2286 2457 2474 2503 2688 2697 2699 2765 2766 2817 2833 2963 
em 95 1025 1031 1257 1271 1277 1288 1436 1516 1539 1563 1814 1828 1906 1980 2617 2639 
sv 96 1073 1507 1804 1903 2701 
aj 97 2588 
ji 97 1316 1574 1632 1649 1653 1658 1663 1692 2836 
nn 98 240 374 760 913 968 991 1148 1156 1174 1594 1619 1655 1740 1822 1836 2165 2198 2213 2476 
a' 98 594 1174 1613 1719 1765 1798 1820 1928 2120 2483 2529 2707 
os 99 414 511 783 1018 1047 1103 1132 1192 1194 1360 1366 1559 1661 1711 1821 1975 2032 2067 2083 2235 2237 2288 2298 2320 2578 2630 
br 100 118 118 141 148 198 275 281 289 304 331 432 436 455 475 535 559 577 597 603 633 702 763 765 767 770 779 788 791 807 809 839 841 849 937 985 1387 1778 2004 2693 2852 2924 2932 
oa 100 148 198 433 559 917 944 975 1080 1103 1331 1467 1525 1564 1729 2055 2076 2278 2283 2287 2291 2328 2331 2332 2884 2924 2932 2963 
bc 101 104 105 106 108 110 112 114 115 116 117 119 120 121 123 124 125 126 128 131 132 133 134 136 137 140 142 143 145 147 149 151 152 153 154 155 156 158 159 160 161 162 163 164 165 166 167 169 170 178 181 182 183 185 186 187 189 190 191 192 193 194 195 196 197 200 201 202 205 206 208 209 210 211 212 214 216 217 218 219 221 222 225 226 227 228 229 230 231 232 233 234 235 236 238 242 243 244 247 249 250 251 252 253 254 255 256 257 259 260 261 262 263 264 266 267 268 269 270 271 272 273 274 276 277 278 280 284 285 286 288 290 291 292 293 294 295 296 298 300 301 305 306 307 308 309 310 311 312 314 315 316 317 318 319 320 322 323 324 325 327 328 332 333 336 337 338 340 341 342 343 344 345 346 347 348 349 350 352 353 354 355 356 357 358 361 362 363 364 365 366 367 368 370 375 376 377 378 381 382 383 384 385 386 387 388 389 390 391 392 393 395 396 397 399 402 403 404 405 407 408 409 410 413 415 416 418 419 420 421 424 425 426 427 428 429 430 435 437 438 439 440 441 442 443 445 447 449 450 451 452 454 456 457 458 459 460 461 462 464 466 467 468 469 470 471 472 474 476 477 478 479 480 481 482 483 484 485 486 487 488 489 490 492 494 495 496 497 499 500 501 502 503 504 505 506 507 508 509 512 513 514 515 516 517 518 519 521 522 523 524 525 526 529 530 531 532 533 534 537 538 539 541 542 544 545 547 548 550 551 552 553 554 555 556 557 558 560 562 563 564 565 566 567 568 570 571 573 574 575 576 578 579 580 581 582 583 584 585 586 588 589 590 592 593 595 596 598 599 600 602 604 605 607 608 609 610 611 612 613 615 617 618 619 620 621 622 623 624 625 626 627 628 629 630 631 632 634 636 637 638 639 640 641 642 644 645 646 648 649 651 652 654 655 657 658 659 660 661 662 663 664 665 666 668 669 670 671 672 673 674 675 676 677 679 680 681 682 683 685 686 687 689 690 692 695 697 698 699 700 701 703 705 706 707 708 709 710 711 712 713 714 716 717 719 720 721 722 723 724 725 726 727 729 731 732 733 734 735 736 737 738 739 740 741 742 743 744 745 746 747 748 749 750 751 752 753 754 755 757 758 759 761 762 764 768 769 771 772 773 774 775 776 777 778 781 782 784 785 786 787 789 790 792 793 794 795 796 797 798 799 800 801 802 803 805 806 808 810 811 812 813 814 815 816 817 818 819 821 822 823 825 826 828 829 830 832 833 834 835 837 838 840 842 843 845 846 847 848 850 851 852 853 854 857 858 859 861 862 863 864 865 866 867 868 871 872 874 876 878 879 880 881 884 885 886 888 889 891 892 893 2695 2885 
cv 101 104 105 106 108 110 112 114 115 116 117 119 120 121 123 124 125 126 128 131 132 133 134 136 137 140 142 143 145 147 149 151 152 153 154 155 156 159 160 161 162 163 164 165 166 167 169 170 178 181 182 183 185 186 187 189 190 191 192 193 194 195 196 197 200 201 202 205 206 208 209 210 211 212 214 216 217 218 219 221 222 225 226 227 228 229 230 231 232 233 234 235 236 238 242 243 244 247 249 250 251 252 253 254 255 256 257 259 260 261 262 263 264 266 267 268 269 270 271 272 273 274 276 277 278 280 284 285 286 288 290 291 292 293 294 295 296 298 300 301 305 306 307 308 309 310 311 312 314 315 316 317 318 319 320 322 323 324 325 327 328 332 333 336 337 338 340 341 342 343 344 345 346 347 348 349 350 352 353 354 355 356 357 358 361 362 363 364 365 366 367 368 370 375 376 377 378 381 382 383 384 385 386 387 388 389 390 391 392 393 395 396 397 399 402 403 404 405 407 408 409 410 413 415 416 418 419 420 421 424 425 426 427 428 429 430 435 437 438 439 440 441 442 443 445 447 449 450 451 454 456 457 458 459 460 461 462 464 466 467 468 469 470 471 472 474 476 477 478 479 480 481 482 483 484 485 486 487 488 489 490 492 494 495 496 497 499 500 501 502 503 504 505 506 507 508 509 512 513 514 515 516 517 518 519 521 522 523 524 525 526 529 530 531 532 533 534 537 538 539 541 542 544 545 547 548 550 551 552 553 554 555 556 557 558 560 562 563 564 565 566 567 568 570 571 573 574 575 576 578 579 580 581 582 583 584 585 586 588 589 590 592 593 595 596 598 599 600 602 604 605 607 608 609 610 611 612 613 615 617 618 619 620 621 622 623 624 625 626 627 628 629 630 631 632 634 636 637 638 639 640 641 642 644 645 646 648 649 651 652 654 655 657 658 659 660 661 662 663 664 665 666 668 669 670 671 672 673 674 675 676 677 679 680 681 682 683 685 686 687 689 690 692 695 697 698 699 700 701 703 705 706 707 708 709 710 711 712 713 714 716 717 719 720 721 722 723 724 725 726 727 729 731 732 733 734 735 736 737 738 739 740 741 742 743 744 745 746 747 748 749 750 751 752 753 754 755 757 758 759 761 762 764 768 769 771 772 773 774 775 776 777 778 781 782 784 785 786 787 789 790 792 793 794 795 796 797 798 799 800 801 802 803 805 806 808 810 811 812 813 814 815 816 817 818 819 821 822 823 825 826 828 829 830 832 833 834 835 837 838 840 842 843 845 846 847 848 850 851 852 853 854 857 858 859 861 862 863 864 865 866 867 868 871 872 874 876 878 879 880 881 884 885 886 888 889 891 892 893 
v6 101 104 105 106 108 110 112 115 116 117 119 120 121 123 124 125 126 128 131 132 133 134 136 137 140 142 143 145 147 152 153 154 155 156 159 160 161 162 163 164 165 166 167 169 170 181 182 183 185 186 187 189 190 193 194 195 196 197 200 201 202 205 206 208 212 214 216 218 219 221 222 232 233 236 244 244 247 249 250 251 252 253 254 255 256 257 259 263 264 266 267 268 269 270 272 273 274 276 277 278 280 284 285 286 288 290 291 292 293 294 295 296 298 300 301 305 306 315 316 323 332 333 336 337 342 343 344 345 346 347 348 349 350 352 367 368 370 385 386 387 388 389 390 391 395 396 397 402 403 404 405 407 408 409 410 413 415 416 418 419 420 421 424 425 426 427 428 429 430 435 437 438 439 440 441 442 443 445 447 449 450 451 456 457 458 459 461 462 467 468 469 470 471 472 474 476 477 478 479 480 481 482 483 484 485 490 492 494 495 496 497 499 500 501 502 514 530 531 532 533 534 567 568 575 576 578 579 581 582 583 584 585 586 588 589 590 592 604 605 607 608 609 610 611 612 631 632 644 645 646 648 649 651 652 654 663 664 665 666 671 679 680 681 682 683 685 686 687 689 703 705 706 707 716 717 719 720 721 722 723 724 725 726 727 732 733 734 735 736 737 738 739 740 741 742 743 744 745 746 747 748 749 750 751 752 753 754 755 757 758 759 761 762 764 768 769 771 772 773 774 775 776 777 778 781 782 784 785 786 787 789 790 792 793 798 799 800 801 802 803 805 808 810 811 812 813 814 815 816 817 819 825 826 828 829 830 832 833 834 835 837 838 840 842 843 845 846 847 848 850 851 852 854 857 859 861 862 863 864 865 866 867 868 871 872 874 876 878 879 880 881 884 886 889 891 892 893 
6e 101 104 152 155 156 159 160 161 162 200 251 342 343 344 345 346 347 410 435 447 456 457 644 645 646 725 733 734 735 736 737 738 739 740 741 743 808 810 815 833 834 
e1 101 104 161 162 251 276 342 343 344 347 435 447 457 571 612 645 646 754 815 833 834 
1w 101 212 310 311 437 560 563 720 722 878 
w2 101 312 355 437 563 613 615 617 722 805 
ba 102 138 144 146 168 175 188 207 223 241 248 282 302 313 321 335 369 372 373 374 379 394 398 400 401 423 444 473 491 527 543 591 601 643 647 656 667 684 715 715 760 766 820 831 856 882 887 890 948 968 1026 1044 1124 1127 1182 1422 1438 1522 1600 1610 1611 1730 1747 1752 1799 1832 1934 1945 1990 2510 2529 2535 2683 2779 2870 
1b 104 128 140 187 257 293 388 581 584 585 639 660 727 838 840 848 
b5 104 106 128 147 185 256 288 402 427 654 776 803 829 
6b 105 106 121 123 142 143 145 147 181 182 183 185 186 187 256 257 259 267 268 269 272 273 274 276 277 278 280 284 286 288 290 291 292 296 298 348 349 350 385 387 402 407 408 421 424 425 426 427 428 481 568 604 605 648 649 652 679 680 681 682 683 685 775 776 790 792 793 798 799 800 801 801 802 803 805 814 816 828 829 830 842 843 
5p 106 355 356 357 358 375 382 383 384 427 690 692 695 697 776 
p6 106 338 588 701 
6c 108 110 112 115 116 154 216 218 219 221 263 264 266 270 291 386 388 389 390 403 404 405 742 744 817 850 862 886 892 893 
c3 108 112 116 170 194 264 266 270 389 634 742 817 850 892 893 
3l 108 652 700 
l5 108 598 796 
rd 111 330 351 380 536 827 877 897 943 946 1079 1090 1111 1262 1290 1413 1445 1466 1799 2151 2255 2269 2275 2289 2543 2883 2894 
3s 112 686 
s4 112 
bl 113 173 184 245 246 297 299 422 446 453 569 696 860 873 1187 1259 1300 1301 1858 1987 2140 2157 2582 2661 2688 2702 
nz 113 1888 2189 2309 
v7 114 217 260 261 271 399 454 492 697 818 885 888 
7x 114 454 888 
x1 114 458 531 888 
1m 114 120 124 126 604 607 682 888 
m5 114 262 
c2 115 154 162 218 219 221 263 386 403 405 636 657 659 744 821 886 
2y 115 405 745 747 
y2 115 229 231 262 320 392 519 867 
3g 116 178 247 252 254 506 565 2879 
g1 116 164 169 170 243 247 367 368 437 612 748 758 848 861 
6k 117 119 332 370 395 416 418 419 420 428 429 430 442 443 445 495 500 514 579 609 610 611 663 664 665 666 762 764 859 871 872 
k1 117 332 429 445 489 574 579 669 670 762 764 
1e 117 149 276 294 295 529 612 687 842 
e9 117 149 250 294 485 500 
ea 118 139 141 258 330 331 417 434 520 559 577 653 704 791 836 895 898 899 916 932 957 971 1029 1115 1201 1210 1225 1236 1237 1238 1240 1241 1244 1245 1247 1258 1267 1269 1270 1279 1289 1387 1409 1496 1531 1540 1558 1581 1605 1639 1645 1681 1723 1771 1788 1837 1846 1852 1924 1926 1972 2004 2018 2060 2094 2131 2143 2178 2187 2342 2355 2383 2388 2395 2396 2403 2407 2409 2417 2426 2428 2437 2437 2438 2463 2506 2519 2573 2588 2616 2661 2790 
kf 118 791 1705 2184 
fa 118 791 1300 1301 1305 1306 1307 1308 1309 1310 1320 1324 1325 1326 1330 1333 1341 1349 1351 1360 1363 1368 1371 1372 1384 1386 1391 2521 2677 
t/ 118 2094 2335 2423 
/b 118 
ru 118 766 804 1084 1303 1350 1378 1411 1893 1905 1920 1936 2029 2145 2284 2290 2310 2323 2334 2564 2611 2618 2665 2799 
k3 119 272 419 495 514 663 664 668 777 859 
3e 119 250 485 509 513 537 538 562 571 627 628 630 707 729 813 845 
e6 119 538 542 879 
6j 120 212 214 222 232 233 255 315 316 413 415 461 462 483 484 607 654 687 689 851 852 863 864 865 866 867 868 
j1 120 212 222 232 233 296 413 415 461 462 483 484 607 687 689 771 778 851 852 
m7 120 156 522 811 
b1 121 140 142 143 182 183 186 187 231 257 268 269 274 276 277 280 286 348 387 440 470 584 604 644 648 660 680 681 682 792 842 848 
1g 121 134 182 532 557 748 749 851 852 
g4 121 768 
tr 122 952 973 981 995 1098 1102 1215 1240 1257 1267 1286 1471 1715 1865 1878 1930 1993 2032 2144 2206 2335 2339 2352 2361 2370 2382 2386 2389 2409 2416 2468 2469 2470 2489 2540 2564 2586 2587 2591 2599 2601 2603 2604 2606 2611 2615 2618 2625 2635 2652 2665 2676 2677 2679 2686 
b2 123 145 181 187 259 278 284 296 298 350 408 421 421 424 426 481 568 586 599 623 649 775 790 800 802 805 828 830 892 
2g 123 219 221 243 263 350 370 665 666 768 769 1620 
g6 123 254 666 852 
6z 124 125 126 244 285 352 490 492 494 581 582 583 584 585 586 588 589 590 592 651 720 721 722 723 724 726 727 732 745 746 747 752 753 754 755 825 826 879 880 881 884 889 891 
z1 124 126 132 149 209 352 489 490 515 529 556 557 581 584 585 588 589 592 651 720 722 723 726 727 732 753 880 891 
m1 124 153 391 397 530 604 800 814 
m4 126 541 812 854 
6a 128 131 132 133 134 136 137 140 190 236 293 294 295 300 301 305 306 567 631 632 716 717 777 778 781 782 784 785 786 787 789 793 798 832 
a1 128 134 136 137 140 190 236 236 293 294 295 305 306 366 378 519 567 631 651 658 777 781 782 784 785 789 798 815 
tc 130 591 1043 1133 1142 1263 1356 1675 1741 2012 
a0 131 300 
0b 131 200 407 466 586 
b6 131 200 257 290 291 292 349 402 428 581 590 679 793 798 801 893 
a2 132 301 365 632 638 661 716 739 891 
2z 132 301 451 613 615 632 790 825 
g7 134 506 665 769 
1c 136 162 169 170 186 196 348 367 368 387 413 415 515 637 640 645 646 695 764 
c4 136 193 469 
1a 137 161 236 277 286 347 651 658 815 891 
a4 137 147 234 425 554 624 717 778 862 881 
ke 138 144 223 335 465 919 970 1003 1005 1015 1040 1083 1178 1319 1553 1562 1605 1678 1685 1688 1689 1694 1696 1697 1698 1707 1712 1715 1725 1730 1744 1750 1752 1770 1781 1831 1861 1888 1907 1924 2093 2222 2432 2437 2447 2449 2489 2501 2538 2563 2566 2654 
ry 138 616 667 916 940 961 1098 1123 1129 1209 1215 1224 1238 1341 1358 1417 1446 1566 1583 1612 1665 1835 1870 1924 1927 1954 2062 2294 2301 2585 2741 
1h 142 232 233 253 271 689 758 
h7 142 232 285 482 508 
1j 143 319 449 476 477 507 531 556 797 
j5 143 202 214 273 315 476 531 710 866 
2n 145 163 181 227 259 719 2880 2962 
n3 145 269 381 
mb 146 491 831 910 948 1017 1094 1579 1650 1657 1799 1945 2036 2529 2676 2693 
5a 147 185 378 
dw 148 198 412 559 1262 1290 1381 2255 2338 2351 2557 2924 2932 
v5 149 151 178 191 192 209 210 211 225 226 227 228 229 230 231 234 235 238 242 243 262 274 307 308 309 310 311 312 314 317 318 319 320 322 324 325 327 328 338 340 341 346 353 354 355 356 357 358 361 362 363 364 365 366 375 376 377 378 381 382 383 384 392 393 399 460 464 466 486 487 488 489 503 504 505 506 507 508 509 512 513 515 516 517 518 519 521 522 523 524 525 526 529 537 538 539 541 542 544 545 547 548 550 551 552 553 554 555 556 557 558 560 562 563 564 565 566 570 571 573 574 580 593 595 596 598 599 600 602 613 615 617 618 619 620 621 622 623 624 625 626 627 628 629 630 634 636 637 638 639 640 641 642 655 657 658 659 660 661 662 668 669 670 671 672 673 674 675 676 677 690 692 695 697 698 699 700 701 708 709 710 711 712 713 714 729 731 794 795 796 797 821 823 853 858 
5z 149 209 210 211 230 322 324 325 327 328 393 399 466 489 503 515 516 517 521 526 529 555 556 557 558 634 636 673 674 858 
eo 150 1397 1404 1406 1439 1487 1639 2214 2478 2654 
oi 150 913 986 1022 1529 1577 1832 2058 2152 2185 2431 
5t 151 178 310 311 314 504 506 507 508 509 512 513 522 523 537 538 544 560 562 563 564 565 640 641 642 658 659 660 709 710 711 712 713 714 729 731 2857 2907 
t2 151 164 544 
2r 151 386 480 544 721 752 802 
r6 151 386 
e4 152 156 159 341 345 410 418 545 628 725 733 736 737 738 741 743 810 813 
4t 152 442 524 642 738 741 2855 
t4 152 264 495 641 642 711 712 744 830 
6m 153 391 396 397 409 468 469 501 502 530 608 854 874 876 
1z 153 192 390 397 574 631 669 723 726 833 857 
z5 153 488 615 726 
2l 154 167 459 649 757 759 819 
l1 154 337 460 553 649 671 700 761 794 795 797 823 
e3 155 346 416 456 509 627 808 845 
3n 155 389 675 676 677 
n9 155 762 
4m 156 159 541 605 
by 157 203 321 334 1184 1512 1764 
m3 159 396 468 469 502 605 608 874 
a6 161 286 736 
6g 163 164 165 166 167 169 170 247 249 250 367 368 437 438 459 612 707 757 758 759 811 812 813 819 845 846 847 848 861 
g2 163 165 167 221 350 459 598 757 759 811 812 819 846 
n1 163 227 319 342 593 
1t 164 190 280 781 2872 
2m 165 262 325 800 811 812 
m9 165 325 607 888 
l6 167 681 
cu 168 904 924 945 955 956 961 970 977 982 998 1000 1066 1095 1096 1289 1780 1968 
c7 169 626 
wl 172 2080 
ub 173 569 935 1039 1084 1187 1307 1411 1471 1501 1580 1585 1585 1990 2012 2090 2096 2140 2338 2359 2398 2400 2450 2695 
se 175 304 335 433 693 788 902 905 913 960 992 1005 1018 1029 1039 1046 1055 1072 1110 1116 1132 1154 1217 1227 1284 1322 1340 1510 1539 1542 1563 1575 1626 1641 1661 1713 1744 1951 2064 2100 2104 2164 2242 2285 2298 2342 2346 2355 2357 2357 2383 2384 2388 2393 2403 2407 2423 2428 2428 2430 2455 2478 2479 2497 2504 2508 2516 2518 2530 2536 2538 2584 2616 2622 2704 2708 2723 2749 
oo 176 177 297 414 908 914 992 1018 1182 1296 1312 1313 1337 1363 1373 1379 1381 1451 1476 1479 1484 1721 1726 1763 1782 1900 1950 1988 2013 2035 2045 2228 2243 2253 2265 2288 2300 2326 2342 2358 2392 2488 2640 2649 2752 2765 2797 2801 2853 
t3 178 270 377 442 504 506 508 509 512 513 522 537 538 562 565 709 710 729 731 
g5 178 525 532 711 749 851 
ul 179 493 691 827 877 924 955 956 1443 1547 1634 1637 1893 1980 2148 2160 2178 2212 2378 2407 2412 2478 2686 2716 
lk 179 704 1319 1863 2101 2832 
bq 180 
n4 181 234 317 376 458 541 580 595 596 599 619 621 685 708 834 
g8 182 252 263 557 
1k 183 201 217 489 777 818 
k6 183 428 548 
lv 184 412 860 873 924 1509 1554 1733 1955 2108 2247 2305 2386 2519 2603 
vd 184 860 873 
dv 184 351 827 1415 2328 2765 
a7 185 300 327 735 787 
c9 186 354 368 413 426 695 709 796 
6h 189 201 202 205 206 208 252 253 254 482 485 679 686 703 705 706 748 749 750 751 761 857 
h3 189 202 206 252 254 255 485 547 686 703 706 750 751 853 
3r 189 309 364 566 575 662 672 703 706 2883 2894 
r9 189 314 566 672 752 
t5 190 741 
5v 191 192 228 307 308 309 338 353 354 364 505 545 570 571 627 628 629 630 661 662 672 675 676 677 821 2917 2929 2958 2973 
v3 191 228 308 309 338 353 354 364 435 450 470 505 570 571 627 628 630 662 672 675 676 677 680 753 806 821 822 823 
3p 191 228 308 338 499 850 
p2 191 332 427 2193 
v1 192 449 471 472 474 476 477 479 532 534 692 
z4 192 328 558 636 825 
6s 193 194 195 196 
s2 193 194 261 430 686 828 868 
2c 193 194 426 871 
s1 196 
c5 196 468 640 645 
6r 197 439 440 441 496 497 499 575 576 578 768 769 771 772 773 774 822 835 838 840 
uf 199 1179 1801 1971 1978 
ff 199 899 901 930 936 1050 1179 1203 1206 1207 1412 1699 1801 1971 1978 2054 2764 2775 2843 
fe 199 899 900 901 936 1050 1075 1083 1324 1356 1369 1389 1688 1699 1794 2184 2795 2843 
e0 200 735 739 
h1 201 205 253 748 749 761 857 
k9 201 214 816 
3j 202 206 242 260 273 555 710 817 
yo 203 498 1366 1456 1546 1570 1739 2301 2632 2815 2827 2829 2832 2833 
ob 203 213 1010 1230 1438 1684 1747 1750 1764 1915 1934 1987 2064 2105 2238 2240 2299 2970 
lg 204 411 2160 2677 
1p 205 216 332 462 579 588 698 699 701 782 785 789 795 861 
p1 205 333 462 695 699 782 
j4 206 477 868 
z3 209 210 210 322 324 327 526 555 613 634 755 790 857 
3z 209 210 488 808 832 
w6 212 218 357 521 878 
5k 214 548 550 573 574 668 669 670 
c1 216 291 388 390 404 564 570 
p7 216 789 795 
7y 217 271 818 885 
y1 217 271 479 486 487 637 639 698 699 701 747 818 
k8 217 419 847 
2w 218 230 424 521 617 673 674 716 775 805 
g3 219 247 249 250 565 707 813 845 847 
1x 222 305 306 352 472 490 714 784 792 880 
x6 222 490 600 829 
ho 223 248 335 431 433 788 922 929 942 967 974 976 979 986 992 1006 1014 1022 1039 1042 1049 1055 1234 1287 1495 1498 1499 1500 1502 1503 1504 1510 1511 1512 1513 1518 1520 1525 1527 1529 1532 1537 1539 1547 1550 1551 1554 1555 1557 1559 1561 1563 1564 1573 1574 1587 1615 1667 1933 2013 2122 2123 2158 2164 2169 2197 2346 2347 2355 2379 2381 2408 2418 2425 2428 2460 2516 2526 2527 2538 2542 2616 2622 2629 2637 2749 2774 
op 223 431 756 896 974 983 1042 1106 1240 1244 1266 1471 1763 2057 2061 2132 2173 2214 2347 2392 2408 2488 2498 2559 2609 2615 2621 2672 
ie 224 304 493 510 780 844 910 914 942 991 1013 1017 1021 1061 1071 1114 1131 1180 1243 1293 1305 1321 1335 1372 1415 1462 1484 1802 1888 1918 1919 1965 1974 1977 2068 2079 2089 2104 2116 2134 2144 2191 2208 2212 2213 2217 2259 2285 2306 2320 2358 2375 2451 2457 2498 2526 2585 2600 2701 2704 2705 2708 2711 2715 2723 2733 2823 
5l 225 226 227 235 238 242 243 320 460 464 524 525 539 553 598 600 602 671 794 795 796 797 823 853 866 
l3 225 235 238 242 320 420 464 539 592 600 819 854 
3x 225 322 464 514 539 600 750 751 874 
x2 225 385 534 874 
l2 227 243 333 345 349 589 602 719 1791 
p5 228 
5y 229 231 262 361 362 392 486 487 488 518 519 637 638 639 655 657 698 699 700 701 
2a 229 501 519 554 
a9 229 277 443 516 708 
z2 230 244 285 325 393 399 492 494 503 517 521 574 582 583 590 673 674 721 724 745 746 747 752 754 825 826 858 879 884 889 
w7 230 775 
2b 231 284 421 439 440 576 578 590 644 724 876 2193 
h6 233 253 679 774 
5n 234 317 318 319 340 341 375 376 377 378 381 541 542 580 593 595 596 599 618 619 620 621 708 
4a 234 317 362 443 580 624 638 708 736 
3y 235 320 456 502 526 786 863 864 865 867 
y4 235 362 456 457 638 786 863 
tl 237 650 998 1787 2098 2469 
3h 238 249 255 441 508 512 
h8 238 773 
ud 239 510 594 831 1218 1423 1660 1666 1673 2348 2425 2539 
dy 239 329 1155 1489 2151 2513 2772 
ny 240 959 1080 1156 1221 1252 1407 1655 1663 1735 1949 2476 2596 2680 
ls 241 1176 1237 1391 1659 1707 1996 2321 2369 2435 2484 
j7 242 449 558 568 622 
2v 244 399 492 503 534 740 746 2866 2867 2960 2961 2967 
lu 246 422 935 1039 1094 1398 1465 1547 1547 1760 1779 1785 1793 1797 1808 1811 1816 1827 1834 1840 1893 2012 2149 2591 
ys 248 372 1242 1448 1866 1927 2047 2048 
h5 249 392 609 
1v 251 274 435 460 593 671 680 753 823 2893 2966 
v8 251 690 
j3 255 288 654 817 863 864 865 867 
5c 256 796 
c6 256 348 353 376 381 515 637 646 764 822 
ty 258 925 1037 1069 1149 1155 1189 1347 1368 1794 1826 1924 2121 2199 2307 2345 2451 2471 2505 2537 2626 2725 2729 
n7 259 292 344 487 611 677 
7s 260 261 
s3 260 737 803 
j2 260 298 555 797 
2x 261 393 826 886 
x7 261 322 714 792 
3t 264 270 382 383 384 495 742 
gg 265 696 1315 2711 2733 2736 2817 
io 265 394 678 841 896 932 951 985 994 1075 1130 1152 1240 1266 1311 1315 1370 1375 1420 1590 1621 1672 1712 1723 1774 1792 1796 1801 1804 1901 1993 2059 2064 2071 2115 2125 2194 2242 2261 2273 2292 2313 2318 2324 2325 2348 2468 2469 2486 2533 2536 2604 2666 2690 2736 
c0 266 862 
0c 266 564 657 659 
b3 267 272 273 425 439 639 652 801 814 816 840 2096 
3k 267 272 419 816 847 
k4 267 420 430 442 443 611 818 872 
1y 268 391 457 474 479 530 670 732 
y6 268 526 629 864 
1n 269 342 343 344 404 429 447 458 461 471 487 496 762 834 
h4 271 441 482 705 
ew 275 788 1013 1052 1305 1372 1415 1463 1659 1903 1991 2004 2265 2300 2306 2540 2541 2708 2723 2811 
wi 275 1013 2338 2351 2493 2557 2569 2738 2739 2741 2742 2751 2757 2760 2776 2783 2786 2788 2802 2804 
2t 278 377 403 517 602 618 744 830 846 2873 
t9 278 383 517 
uz 279 1378 2445 
zz 279 1654 2091 2112 2150 2156 2161 2186 2674 
t1 280 310 311 314 507 560 563 618 640 642 658 660 713 714 742 846 878 
b7 284 407 578 585 655 724 755 
2h 285 392 408 609 610 772 773 774 2911 
5j 288 622 625 
6l 290 333 336 337 349 719 
l4 290 524 525 652 717 733 853 872 
6n 292 
b4 293 385 388 466 504 605 683 685 838 843 876 
e7 295 529 729 799 884 
2j 296 298 568 771 
0a 300 438 516 661 735 739 862 881 
z9 301 669 
ao 302 401 1016 1091 1437 2809 2821 2851 
ei 303 465 804 1030 1280 1565 1641 1751 1891 2013 2484 2485 2758 2853 
x4 305 472 539 
x3 306 
p9 308 579 776 
r1 309 483 496 838 840 
w5 310 358 518 674 720 
w4 311 608 617 673 
5r 312 547 548 550 551 552 553 622 623 624 625 626 
r5 312 480 548 550 553 622 625 706 721 743 
5w 312 363 365 366 566 613 615 617 
1r 314 337 445 483 484 486 713 
5e 315 340 341 542 
e2 315 513 630 644 707 734 740 858 
a5 317 
j9 319 551 625 
yl 321 1209 1440 1794 1924 2560 2603 
6p 323 467 
p4 323 375 467 698 785 861 
4z 323 467 
z6 323 397 451 808 
3a 324 327 365 366 425 787 
a8 324 362 438 
ef 326 911 1001 1083 1688 2178 2264 2277 2294 2313 2412 2843 
4h 328 482 547 853 
h2 328 610 689 758 
ds 331 380 1103 1225 1262 1268 1312 1472 2118 2269 2368 
2p 333 
gs 334 984 1117 1146 1212 1493 1507 1542 1690 1691 1708 1717 
sb 334 2004 
eh 335 1050 1256 2538 2749 
r3 337 441 445 499 575 
n' 339 1049 1115 1148 1179 1181 1210 1260 1520 1523 1555 1557 1644 1670 1697 1733 2024 2636 
n5 340 341 375 378 404 447 542 676 
e5 340 562 842 
n2 343 377 618 620 675 
4l 345 420 717 725 733 810 835 854 872 
3v 346 663 690 692 697 2865 2965 2969 
a3 347 501 580 786 787 793 832 
x9 352 393 464 
3c 353 354 381 450 468 469 570 634 709 821 822 
p3 355 357 358 382 383 384 690 692 697 
3w 355 357 358 396 518 608 664 668 
r8 364 575 703 713 822 
w3 365 366 566 
c8 367 387 415 450 871 
k2 370 416 418 500 609 610 665 666 843 871 1620 
g9 370 
sw 372 1572 1690 1691 1717 2390 2441 2472 2493 2514 
4c 376 626 636 
nq 379 
t6 382 524 602 781 
t8 384 403 
4x 385 
n8 389 461 496 619 719 
z7 390 631 632 723 
y7 391 
w8 396 668 
aa 398 1019 1538 2023 2041 2167 2846 
oq 401 
qi 401 979 
5b 402 
y9 405 732 
b0 407 799 
h9 408 512 772 2911 
4s 410 430 621 712 737 868 
s9 410 567 620 621 712 889 
we 412 1229 1234 1374 1511 1587 1659 1984 2092 2255 2335 2374 2390 2441 2472 2496 2740 2745 2753 2755 2758 2766 2772 2779 2781 2791 2793 2798 2799 
2e 416 418 500 754 858 879 884 
eq 423 
w1 424 560 664 716 
n6 429 471 497 683 
p' 431 
ix 432 633 1962 2123 2345 2356 2453 2652 
g0 438 
r2 439 440 484 576 578 662 768 769 771 772 773 774 
gk 444 
ko 444 1681 1684 1692 1699 1700 1702 1711 1718 1721 1729 1738 1746 1747 1749 1749 1935 1936 2056 2165 2542 2642 2825 2827 2837 2845 
ok 444 908 914 992 1363 1410 1502 1718 1749 2035 2056 2222 2326 2425 2432 2538 2542 2550 2632 2664 2743 2827 
6v 449 450 451 470 471 472 474 476 477 478 479 480 532 
v2 451 460 480 740 
hm 452 540 1169 1704 2271 2272 2275 2276 2278 2287 2289 2767 2911 2912 
ek 455 1055 1401 2165 2165 2813 
ka 455 1191 1227 1470 1502 1596 1611 1679 1680 1682 1686 1704 1713 1719 1719 1724 1726 1733 1734 1735 1737 1742 1745 1751 1911 2083 2367 2434 2461 2577 2615 2664 
6x 458 531 533 534 
l7 459 810 
ib 463 968 971 1089 1206 1259 1600 1610 1611 1632 1710 1778 1826 1980 2194 
nk 465 1083 1125 1145 1376 1611 1722 1898 1938 2052 2590 2634 2802 
z0 466 516 586 881 
z8 467 832 833 
3b 470 504 654 655 731 755 859 892 893 
hg 473 
y5 474 865 
dg 475 510 702 1264 1666 1673 1812 2263 2766 2963 
ep 475 923 958 1061 1239 1289 1661 1802 2166 2203 2223 2279 2418 2436 2680 
2s 481 582 583 620 734 828 889 
s8 481 582 734 
r4 486 497 547 551 623 624 626 641 835 
y3 488 502 518 655 700 745 
om 491 934 940 959 963 1033 1037 1100 1128 1211 1314 1385 1503 1518 1561 1650 1718 1726 1738 1799 1847 1856 1894 1939 2056 2062 2063 2170 2241 2253 2258 2260 2295 2311 2327 2629 2664 2671 2895 2932 
2k 494 
k7 494 
4n 497 611 619 683 685 
p8 499 850 
m2 501 554 876 
v9 503 593 663 
3m 505 522 806 814 
m6 505 
j8 507 
x5 514 750 784 
4g 525 711 
lj 528 
ja 528 824 870 1626 1631 1640 1642 1650 1651 1654 1656 1657 1670 1742 2423 2588 
m' 528 1658 1687 1737 1847 1892 2760 
y8 530 670 
r' 535 960 1437 1562 2509 2679 2710 2817 
e8 537 687 
oh 540 1635 1644 1652 1655 2034 2194 2381 2852 
r7 544 802 
v4 545 629 746 
4e 545 
dh 546 594 1183 1191 2483 
k5 550 
4j 551 558 705 778 
5m 554 
j6 556 705 
y/ 559 2932 
/h 559 
r) 559 1517 
ox 561 1100 1760 1822 1974 2296 
t0 564 659 
1s 567 648 794 2858 2895 2918 2921 2940 
wn 569 763 770 928 1083 1109 1109 1111 1111 1121 1121 1130 1130 1143 1143 1163 1163 1167 1167 1196 1196 1203 1203 1204 1204 1205 1205 1206 1206 1207 1207 1213 1213 1220 1220 1229 1229 1230 1230 1231 1231 1234 1234 1399 1425 1453 1454 1476 1477 2246 2470 2470 2570 2810 2816 2823 2835 
b8 576 596 
s7 583 794 
bg 587 
1l 589 592 681 761 
r+ 591 
+k 591 
4b 595 596 599 623 
b9 595 727 731 859 2964 
s' 597 913 2061 2266 
5g 598 
im 606 1084 1107 1126 1172 1223 1543 1569 1584 1599 1658 1687 1692 1701 1736 1813 1892 1916 1980 2000 2200 2256 2411 2422 2529 2549 2576 2619 2676 
bh 614 1039 
4y 629 
xt 633 1257 1999 2345 2453 
4r 641 743 
cl 647 935 939 1003 1039 1054 1163 2012 2033 2072 2685 
s5 648 
uc 653 718 756 1000 1461 1694 1797 1808 1819 1933 2196 2366 2554 2564 2618 
up 653 970 977 1096 1834 1968 2252 2290 2340 2394 2444 2487 2501 2692 2835 
y0 657 
v0 661 
lr 667 1066 1970 
uo 678 1541 2611 
m8 682 
if 691 907 1412 1794 2087 2139 2221 
fu 691 1311 1316 1322 1328 1366 1383 1580 2178 2412 
rm 693 1183 1301 1315 1320 1351 1386 1405 1407 1469 1488 1735 2394 2443 2496 2501 2520 2949 
og 696 1117 1182 1212 1214 1520 1546 1640 1982 2052 2136 2217 2266 2297 2678 2829 2833 
l8 725 757 866 
t7 738 
x8 751 826 880 886 
ks 756 1414 1572 1670 1815 2366 2395 2396 2657 2761 
l9 759 835 
s. 765 
iz 779 1278 1596 1725 2091 2112 2161 2186 2235 2260 2312 2317 2528 
wh 788 2773 2774 2780 2789 2790 2792 2803 
0e 799 
5s 803 
gn 807 1068 2424 
oj 824 1433 1692 2663 
5x 829 
6t 837 878 2871 2874 
4k 843 
ht 849 1064 1158 1198 1280 1817 1908 1983 2012 
cc 855 882 1041 1910 
b. 869 1662 
.c 869 
c. 869 1263 2842 
nj 870 1574 1742 2423 
d. 873 1825 2278 2289 
bt 875 
hu 882 918 1035 1067 1501 1530 1541 1552 1560 1566 1567 1578 1585 1716 1740 2127 2364 2495 2512 2561 2638 2673 
nh 890 1234 1453 1615 1830 2171 2612 
pi 896 1087 1239 1240 1266 1289 1304 1802 2066 2070 2091 2099 2112 2116 2128 2161 2172 2179 2180 2183 2186 2191 2209 2217 2353 2473 2507 2545 2558 2615 
ov 897 1007 1088 1224 1420 1480 1790 1807 1922 1980 2069 2078 2115 2195 
of 899 901 1050 1699 2051 2054 2551 2650 
e/ 899 
/t 899 
ui 904 918 982 1066 1144 1164 1350 1468 1629 1665 1773 1779 1882 1920 1961 2235 2372 2402 2461 2479 2571 
fo 907 963 1296 1302 1303 1312 1313 1315 1317 1319 1329 1336 1347 1354 1355 1361 1370 1373 1379 1381 1476 2342 2688 2949 
eu 913 1186 1244 1252 1339 1544 
su 927 1274 1542 1599 1732 2338 2354 2359 2371 2372 2373 2394 2398 2400 2402 2423 2440 2444 2445 2450 2461 2465 2476 2480 2487 2494 2501 2525 2530 2552 2554 2571 2644 2648 
mm 934 940 1033 1037 1552 1742 1978 1978 2440 2820 2895 2932 
rk 939 965 1003 1197 1302 1485 1795 1861 1907 1924 2093 2098 2107 2141 2184 2395 2501 2574 2657 2761 2815 
ps 941 1009 1455 1724 2173 2377 2784 
ip 949 1009 1304 1576 1838 2042 2481 2613 2635 2773 2848 
nv 951 990 1196 1219 1372 1400 1454 1481 1964 2944 
ct 953 1075 1286 1341 1672 2061 2313 2708 2709 2723 
kt 954 2506 
lt 955 1468 1491 1558 1783 1825 2078 2246 2404 2446 2471 2537 2686 
ed 955 1036 1259 1262 1264 1268 1290 1335 1380 1396 1489 1492 1686 1810 1846 1873 2084 2191 2239 2441 2442 2479 2569 2681 2766 2786 
mp 959 1068 1080 1271 1277 1288 1817 1906 2070 2310 2377 2411 2526 2549 2639 
pa 959 983 1042 1068 1096 1285 1288 1514 1626 1640 1651 1838 2087 2089 2093 2098 2101 2102 2104 2107 2110 2111 2114 2117 2120 2120 2121 2125 2129 2129 2130 2133 2138 2139 2142 2144 2146 2148 2153 2155 2156 2157 2159 2162 2163 2165 2167 2174 2175 2181 2181 2184 2189 2190 2198 2199 2201 2202 2204 2206 2207 2208 2211 2212 2213 2215 2221 2225 2376 2439 2515 2549 2562 2621 2680 2848 
mf 963 
pc 970 2132 
gd 978 
du 978 1079 1118 1127 1133 1137 1142 1144 1148 1164 1178 1179 1190 1193 1218 1233 1317 1704 2196 2870 
gq 979 
e, 981 
vi 984 1114 1196 1225 1232 1305 1372 1372 1375 1400 1415 1481 1664 1733 1790 1922 1955 2115 2145 2261 2292 2305 2306 2384 2553 2697 2700 2704 2705 2708 2708 2709 2712 2714 2719 2720 2721 2723 2723 2725 2726 2727 2728 2731 2735 2736 2737 2765 2823 2944 
eb 985 1261 1274 1363 1730 1750 1752 1771 2028 2236 2324 2523 2783 2852 
rl 987 1020 1071 1237 1418 1429 2143 2159 2344 2561 2762 2949 
nw 988 1229 1741 2037 
kh 992 1055 1485 1727 1740 2346 2355 2532 
o. 993 1997 2002 
rp 1021 1886 2085 2637 
ms 1025 1168 
i' 1030 1283 1333 1464 1948 2480 2532 2652 2728 2812 2836 2843 
l) 1033 2932 
h' 1035 1278 1323 1326 
mu 1037 1144 1164 1552 1848 1882 1933 1947 1951 1971 1977 1978 2032 2415 
zb 1044 
sm 1047 1144 1164 1233 2358 2399 2432 2482 2538 2550 
lh 1049 2516 
tw 1064 2389 2569 2572 2662 
wr 1064 2769 2784 2794 
tn 1067 2540 2541 2704 
yg 1069 1950 
nf 1075 1167 1203 1205 1206 1476 2265 2300 2688 
oy 1079 1440 1550 1645 1668 1680 2047 2048 2267 2333 2670 
ym 1080 2070 2393 2526 2641 
ld 1082 1200 1414 1427 1432 1453 1462 1545 1857 1887 2073 2739 2762 2783 
rv 1086 1135 1164 1305 1372 1526 1535 1664 1928 2026 2242 2384 2708 2717 2723 
c- 1088 
-l 1088 2362 
um 1094 1277 1303 1366 1552 1683 1709 1827 1985 2031 2036 2233 2310 2373 2440 2681 2684 2693 2820 2828 
cy 1097 1486 1808 2473 
yp 1097 1455 1724 
e) 1102 1587 2792 
)v 1102 1553 
sr 1103 
mn 1107 
s/ 1110 1117 2338 
/i 1110 
nb 1111 1127 1195 1202 1478 1512 1746 2302 2870 
/s 1117 2338 2378 
nl 1118 1130 1204 1875 2046 2517 
vy 1118 
n# 1121 1207 1477 2816 
nm 1122 1213 1219 
iv 1123 1134 1136 1165 1298 1612 1615 1756 2044 2072 2088 2262 2725 2726 2737 
kb 1124 2535 
dr 1125 1134 1135 1136 1140 1169 1185 1201 1929 2210 2225 2275 2287 
h- 1142 
n) 1143 1553 
ky 1145 1694 1722 1797 2014 2220 2282 2319 2544 2560 2632 2789 
wg 1146 1372 
lc 1153 1333 2716 
yn 1155 1260 
hn 1166 1635 1644 1652 1655 2170 2448 
fc 1167 1705 
ae 1171 1182 1849 1879 2056 
d' 1177 1199 1200 1232 1380 1857 2627 
'a 1177 1832 1838 
iq 1177 1773 
uk 1178 1580 1936 2367 2644 2694 2825 2837 
fi 1179 1206 1295 1298 1304 1323 1327 1332 1334 1343 1382 1388 1390 1412 1801 1971 1978 2087 2139 2221 2294 2650 2738 
't 1181 
gb 1182 
eg 1182 1685 1809 1835 1842 1889 1967 1973 2216 2257 2268 2457 2696 2699 2711 2713 2733 
r. 1185 1646 1909 
ux 1186 1306 1645 1816 1840 
uy 1193 1448 2021 2234 2638 2834 
iy 1195 1316 1366 1570 1745 1746 2465 2575 
'l 1199 
fm 1205 
#f 1207 
ik 1208 1227 1605 1620 1770 1896 1911 1935 2014 2461 2489 2592 2615 2719 2826 2834 
ly 1226 1242 1260 1293 1309 1348 1532 1648 1724 1777 1844 1998 2046 2070 2224 2411 2500 2949 
dt 1228 
nr 1230 1542 1583 
iu 1233 1277 1637 1923 2524 
n/ 1240 2226 2378 
/e 1240 
xp 1243 1248 1251 2711 2808 
sp 1249 1285 2337 2353 2376 2410 2437 2454 2471 2473 2507 2509 2515 2539 2545 2558 
e- 1253 2252 
gy 1255 1423 1455 1456 1470 1739 2136 
h! 1256 
-t 1261 1301 1301 2191 
dl 1273 1293 1853 1988 2392 2797 
d# 1275 1608 2276 2300 
za 1278 1456 1596 2091 2150 2156 2161 2186 2565 2674 2840 2841 2842 2842 2844 2845 2846 
tv 1279 2185 2336 2339 2468 2745 
gm 1282 
m- 1301 
o- 1301 
dc 1313 1492 
uj 1316 2836 
ih 1326 
fl 1331 1337 1339 1344 1345 1346 1348 1359 1362 1374 1375 1387 2277 2313 2764 2775 2791 
r, 1337 
ii 1342 1618 2058 
yi 1348 2822 
oz 1352 1456 
ze 1352 1450 1725 1742 2112 2364 2445 2512 2528 2839 2843 2849 2850 2852 2853 2854 
hs 1353 
sl 1353 1593 1608 1614 2363 2491 2502 2505 2553 
tz 1357 1742 1965 2410 
kv 1363 2618 
f. 1367 
.m 1367 
m. 1367 
tb 1371 1387 2779 
kl 1376 2751 
uu 1392 
n- 1398 1600 1639 1868 2722 
-f 1398 2708 2723 2738 
wb 1422 2662 
yu 1423 1470 2014 2814 2820 2824 2825 2828 2836 2837 
xy 1431 1840 2296 
jo 1433 1633 1635 1638 1643 1644 1645 1648 1652 1655 1661 1668 2237 2663 
e: 1439 
sy 1455 2437 2448 2526 2603 
u- 1470 
-k 1470 2028 
ku 1470 1683 1709 1896 2425 2495 2826 2834 2840 
pu 1471 2057 2061 2085 2090 2096 2140 2151 2160 2310 2423 2539 
g' 1478 1677 1786 2787 2830 
dn 1479 1950 2280 
vr 1483 
py 1494 2118 
kk 1502 2014 2840 
ml 1516 2409 
hy 1522 1546 1558 1575 1588 2641 2655 
yb 1522 
-s 1542 2807 
hw 1548 1984 2374 
wy 1548 
mc 1553 1857 1937 1973 
wk 1562 1572 
t) 1571 2895 
wo 1572 1743 2265 2300 2395 2572 2743 2746 2752 2761 2762 2765 2777 2778 2795 2797 2801 
yr 1575 2118 2767 
-n 1576 
d) 1614 
oe 1615 1633 1638 1643 2123 2165 2216 2281 2379 
t' 1617 1698 1829 1884 2005 2202 2459 
jj 1627 
ju 1628 1629 1630 1634 1637 1641 1647 1660 1665 1666 1669 1672 1673 2479 
je 1636 1639 1659 1664 1667 
-g 1639 
ye 1645 2021 2234 2811 2813 2819 2831 
jr 1646 
j. 1662 1671 
.b 1662 
.' 1662 
.k 1671 
sd 1678 1712 2464 
y, 1690 2770 
gt 1696 1715 2001 
fk 1719 
kr 1722 1723 2694 2963 
kw 1743 
o# 1748 
u' 1758 1759 
hb 1760 2013 
'e 1767 1802 
gv 1768 
td 1783 1825 2045 2470 
l& 1800 1818 
&c 1800 
'u 1801 
l. 1805 
.a 1805 
a. 1805 
s, 1806 
&g 1818 
fy 1837 
l, 1839 
'i 1843 
mr 1850 1909 2365 2438 
cd 1857 1887 
xi 1867 1868 1892 1897 1974 1982 2652 2805 2809 
my 1872 1927 1950 1968 2820 
ez 1885 1956 2398 
zc 1885 
ws 1903 2004 2306 
tp 1907 
hh 1908 
x' 1917 
t. 1924 2350 2385 2547 2921 
.s 1924 
.e 1924 
cg 1937 1973 
s! 1950 
rq 1961 
yc 1968 
o5 1986 2081 
.1 1997 
12 1997 2873 2909 2910 2939 2961 2973 
0v 1997 2888 2952 
rh 2013 2164 2260 
r- 2028 
cs 2038 
gp 2066 
/m 2094 
34 2096 2954 
40 2096 2881 2950 
k/ 2098 
/l 2098 
np 2133 2439 2672 
pz 2150 2794 
o? 2158 
sn 2161 2401 2535 
d- 2191 
-- 2191 
pk 2220 
'm 2222 
/o 2226 
qo 2228 
q4 2232 
zn 2235 
ej 2237 2479 
lw 2245 
-u 2252 
zo 2260 2309 2317 2794 2847 
w- 2265 2300 
-c 2265 2300 
gw 2265 2300 
d, 2272 
.r 2278 2289 
y: 2294 
/w 2335 
bw 2359 
t, 2361 2511 
sz 2364 2512 
hc 2382 
mw 2395 
tf 2416 
vl 2419 
/p 2423 
p! 2488 
db 2510 
sk 2531 2544 2560 2789 2792 
kp 2531 
., 2547 
x- 2581 2807 
iw 2584 2653 
tk 2608 
f' 2645 
m: 2647 
t- 2659 
-r 2659 
zu 2664 
ij 2700 
j' 2700 
w/ 2708 2723 
/k 2708 2723 
vu 2716 
y# 2723 
w. 2744 
rf 2747 
yw 2755 
wv 2771 
w) 2776 
lf 2778 2791 2795 
wu 2782 
k( 2792 
(e 2792 
)y 2792 
tm 2798 2799 
xe 2806 
k' 2832 
.z 2842 
zh 2851 
39 2856 
95 2856 2903 2956 2968 
15 2857 2933 
41 2858 2921 2948 
10 2859 2861 2862 2864 2867 2886 2887 2891 2898 2906 2941 2942 2951 2956 2959 2960 
07 2859 
75 2859 
'n 2860 
05 2861 2898 2958 
55 2861 2890 2896 2896 
#1 2862 2867 2891 2893 2961 2973 
04 2862 2868 
4v 2862 2868 
11 2863 2872 2893 2893 2950 2953 2953 
18 2863 2889 2892 
84 2863 
16 2864 2871 2916 2919 2943 
61 2864 2886 
#2 2865 2866 2868 2952 2958 
21 2865 2940 
13 2865 2934 2938 2965 
02 2866 2867 2887 2960 2967 
-a 2869 
(d 2870 
r/ 2870 
/1 2870 2895 
19 2870 2875 
9t 2870 2926 
h) 2870 
92 2875 2876 
27 2875 
25 2876 2909 2927 2973 
88 2877 2930 2972 2972 
85 2877 2904 
90 2878 2971 
00 2878 2888 2899 2904 2905 2936 2952 
14 2881 2950 
01 2881 2928 2937 2941 2942 2966 
33 2882 2883 2908 2908 2922 2923 2923 
32 2882 2913 2922 2938 
(c 2884 2895 
(b 2885 2924 2932 
2- 2887 
26 2887 2913 
81 2889 
08 2891 2906 2957 
8v 2891 
80 2892 2905 
l/ 2895 
65 2897 
50 2897 2898 2900 2904 2966 2967 2969 
35 2900 
23 2901 2938 2955 
77 2902 2902 
29 2903 
53 2903 2974 
0f 2904 
31 2908 2910 2934 2965 
56 2909 
60 2909 2913 2937 
28 2910 2922 
83 2910 2957 
9r 2911 
7r 2912 
7t 2914 
8t 2915 
68 2916 2943 
89 2916 
66 2919 
69 2919 
24 2920 
37 2923 
(w 2925 
49 2926 
42 2927 2962 
70 2928 
#5 2929 2966 2967 2969 
(a 2931 
/c 2932 
17 2933 
71 2933 
(k 2935 
o) 2935 2947 
30 2936 2955 2974 
03 2936 2969 
22 2939 
1: 2942 
(g 2944 
1/ 2945 
/2 2945 
#e 2946 
(r 2947 2970 
94 2948 
(f 2949 
0t 2951 
45 2954 
09 2956 2971 
51 2959 
(o 2963 
#b 2964 
9v 2964 
#3 2965 
59 2968 
